400 1482
300 320 11.55
342 343 13.13
247 268 9.51
129 150 4.97
308 309 11.83
57 78 2.21
85 105 3.26
80 100 3.08
247 267 9.50
391 392 14.74
376 395 14.47
131 132 5.02
148 168 5.69
323 324 12.40
256 277 9.87
337 356 12.97
83 104 3.19
334 335 12.84
44 64 1.68
184 204 7.07
132 153 5.09
250 269 9.61
127 128 4.86
169 170 6.48
328 348 12.62
287 308 11.05
167 186 6.41
254 274 9.78
223 242 8.56
363 364 13.94
365 366 14.02
233 234 8.95
365 384 14.03
295 316 11.37
103 123 3.95
304 323 11.68
110 131 4.24
193 212 7.42
310 311 11.91
15 34 0.57
130 131 4.98
211 232 8.13
351 352 13.49
272 273 10.45
149 168 5.72
10 31 0.39
122 143 4.69
326 345 12.53
289 309 11.12
103 124 3.96
58 59 2.22
200 219 7.69
306 325 11.76
303 323 11.65
280 300 10.78
255 256 9.80
323 342 12.41
207 227 7.96
108 109 4.13
135 136 5.18
92 112 3.54
257 258 9.88
188 209 7.24
238 258 9.17
210 229 8.07
103 104 3.93
242 262 9.30
190 211 7.32
173 174 6.64
11 30 0.41
289 290 11.10
222 223 8.51
42 63 1.61
327 348 12.59
94 95 3.60
143 162 5.48
197 218 7.60
295 314 11.35
139 158 5.35
309 328 11.88
76 95 2.92
277 296 10.66
152 153 5.83
235 256 9.06
173 192 6.65
373 392 14.35
116 135 4.46
213 232 8.19
16 37 0.63
286 287 10.98
85 106 3.27
82 101 3.13
247 266 9.49
102 122 3.91
71 91 2.73
353 374 13.60
75 76 2.87
288 289 11.06
371 392 14.29
34 53 1.30
278 298 10.71
10 29 0.37
201 221 7.72
213 233 8.20
394 395 14.77
395 396 14.78
172 192 6.62
238 257 9.16
174 193 6.69
296 315 11.39
343 344 13.17
227 246 8.72
99 120 3.83
363 384 13.97
331 350 12.73
86 107 3.31
6 26 0.22
162 163 6.20
262 283 10.08
98 118 3.78
281 282 10.79
239 259 9.21
204 223 7.83
218 239 8.41
47 66 1.79
26 46 0.99
79 100 3.06
342 363 13.16
66 85 2.52
156 177 6.02
310 331 11.94
372 391 14.31
51 70 1.95
107 126 4.10
257 278 9.91
294 295 11.30
52 53 1.98
226 247 8.70
216 217 8.30
305 326 11.74
101 102 3.86
209 228 8.03
270 289 10.38
172 193 6.63
35 36 1.33
210 231 8.09
154 155 5.91
45 64 1.71
214 233 8.23
26 27 0.97
75 95 2.89
219 238 8.43
293 313 11.28
208 229 8.01
128 149 4.93
127 146 4.87
104 124 3.99
189 190 7.25
3 4 0.08
93 94 3.56
191 192 7.33
114 134 4.39
140 159 5.38
310 329 11.92
209 210 8.02
38 57 1.46
203 223 7.80
131 150 5.03
377 398 14.53
314 315 12.07
217 218 8.34
22 23 0.81
219 240 8.45
132 133 5.06
374 395 14.41
195 215 7.51
301 302 11.56
230 251 8.86
374 394 14.40
210 211 8.06
316 317 12.15
179 198 6.89
299 300 11.50
148 167 5.68
63 64 2.39
372 392 14.32
4 5 0.12
150 171 5.78
250 271 9.63
161 182 6.19
64 85 2.46
46 47 1.74
203 224 7.81
351 371 13.51
57 76 2.19
86 106 3.30
267 286 10.26
124 144 4.76
169 188 6.49
33 52 1.26
330 331 12.68
129 149 4.96
214 234 8.24
164 165 6.28
14 15 0.52
171 190 6.57
95 96 3.64
89 110 3.43
6 7 0.20
195 214 7.50
151 171 5.81
146 167 5.62
305 324 11.72
321 322 12.33
17 36 0.65
1 2 0.01
377 378 14.50
217 237 8.36
293 294 11.26
341 342 13.10
263 283 10.11
249 250 9.56
14 34 0.54
43 44 1.62
346 366 13.31
181 202 6.96
143 144 5.47
122 142 4.68
378 399 14.57
367 368 14.10
384 385 14.67
48 49 1.82
287 307 11.04
299 319 11.52
119 139 4.59
24 43 0.90
65 86 2.50
343 362 13.18
9 30 0.35
68 69 2.59
196 217 7.56
275 295 10.59
160 180 6.16
311 330 11.96
331 351 12.74
270 291 10.40
94 114 3.62
227 248 8.74
48 67 1.83
347 367 13.35
51 71 1.96
354 373 13.62
329 350 12.67
254 275 9.79
317 336 12.20
125 145 4.80
356 376 13.71
11 12 0.40
117 137 4.51
314 333 12.08
59 60 2.26
220 240 8.47
232 251 8.92
275 296 10.60
399 400 14.82
8 9 0.28
157 177 6.05
365 385 14.04
343 363 13.19
44 63 1.67
375 395 14.44
111 112 4.25
163 164 6.24
27 47 1.03
114 115 4.37
54 55 2.06
54 75 2.09
107 127 4.11
291 311 11.20
392 393 14.75
74 94 2.85
83 103 3.18
296 316 11.40
149 170 5.74
188 189 7.21
393 394 14.76
63 82 2.40
241 262 9.27
233 253 8.97
187 206 7.18
265 286 10.20
325 326 12.48
84 103 3.21
349 369 13.43
307 327 11.81
10 30 0.38
197 217 7.59
37 38 1.41
313 333 12.05
138 157 5.31
30 50 1.15
56 76 2.16
285 305 10.96
257 276 9.89
284 285 10.90
134 135 5.14
358 359 13.77
186 187 7.13
28 29 1.05
379 399 14.60
291 292 11.18
110 129 4.22
75 96 2.90
378 379 14.54
161 181 6.18
108 129 4.16
292 312 11.24
102 123 3.92
111 131 4.27
263 282 10.10
148 169 5.70
56 57 2.14
283 303 10.88
142 163 5.46
291 310 11.19
8 29 0.31
320 339 12.31
371 372 14.26
203 222 7.79
87 107 3.34
12 32 0.46
179 180 6.88
311 312 11.95
109 129 4.19
2 21 0.05
87 106 3.33
84 105 3.23
375 376 14.42
31 50 1.18
165 184 6.33
23 24 0.85
171 191 6.58
168 169 6.44
45 46 1.70
32 33 1.21
34 55 1.32
221 242 8.50
38 59 1.48
90 109 3.45
88 107 3.37
18 38 0.70
253 254 9.72
174 175 6.68
155 175 5.97
322 343 12.39
91 110 3.49
122 141 4.67
139 140 5.34
376 377 14.46
340 359 13.08
24 25 0.89
207 226 7.95
165 166 6.32
123 143 4.72
330 350 12.70
334 354 12.86
342 361 13.14
84 85 3.20
223 224 8.55
353 373 13.59
163 184 6.27
16 35 0.61
164 184 6.30
318 337 12.24
52 73 2.01
335 355 12.90
12 31 0.45
317 318 12.19
270 271 10.37
212 213 8.14
3 24 0.11
205 206 7.86
103 122 3.94
350 371 13.48
235 255 9.05
376 397 14.49
312 313 11.99
348 368 13.39
357 376 13.74
88 108 3.38
237 257 9.13
84 104 3.22
335 336 12.88
313 334 12.06
27 46 1.02
292 293 11.22
137 157 5.28
49 68 1.87
243 262 9.33
32 53 1.24
281 302 10.81
112 131 4.30
101 121 3.87
37 58 1.44
136 155 5.23
258 277 9.93
275 294 10.58
345 365 13.27
301 321 11.57
293 312 11.27
74 93 2.84
377 397 14.52
72 93 2.78
133 153 5.12
345 364 13.26
36 55 1.38
92 93 3.52
187 207 7.19
288 308 11.08
301 322 11.58
68 87 2.60
225 246 8.66
135 156 5.21
24 45 0.92
298 299 11.46
126 145 4.83
191 212 7.36
118 119 4.53
336 355 12.93
319 340 12.30
133 154 5.13
144 164 5.53
247 248 9.48
136 156 5.24
152 171 5.84
27 28 1.01
167 168 6.40
204 205 7.82
358 379 13.80
232 252 8.93
259 280 9.99
121 142 4.65
42 61 1.59
188 208 7.23
211 230 8.11
193 214 7.44
170 189 6.53
79 98 3.04
169 189 6.50
287 306 11.03
221 222 8.48
373 374 14.34
277 297 10.67
226 245 8.68
70 90 2.69
238 259 9.18
252 253 9.68
231 252 8.90
298 319 11.49
269 288 10.34
111 132 4.28
274 294 10.55
283 304 10.89
324 344 12.46
264 284 10.15
90 110 3.46
70 91 2.70
248 249 9.52
277 278 10.65
242 263 9.31
77 97 2.97
147 148 5.63
32 52 1.23
168 187 6.45
279 280 10.73
112 132 4.31
8 27 0.29
105 126 4.04
329 348 12.65
362 382 13.92
378 397 14.55
20 39 0.76
343 364 13.20
372 373 14.30
307 308 11.79
69 70 2.63
286 306 11.00
317 338 12.22
271 290 10.42
53 74 2.05
239 240 9.19
132 151 5.07
228 248 8.77
25 44 0.94
2 22 0.06
357 377 13.75
189 209 7.27
18 39 0.71
220 239 8.46
47 67 1.80
77 78 2.95
360 380 13.86
41 42 1.55
299 318 11.51
40 59 1.53
13 14 0.48
275 276 10.57
227 247 8.73
4 24 0.14
71 92 2.74
232 233 8.91
252 272 9.70
97 118 3.75
183 204 7.04
263 264 10.09
207 228 7.97
272 293 10.48
326 346 12.54
71 72 2.71
19 40 0.75
256 257 9.84
346 365 13.30
229 250 8.82
29 48 1.10
197 216 7.58
105 125 4.03
99 118 3.81
147 166 5.64
165 186 6.35
364 385 14.01
29 49 1.11
42 62 1.60
388 389 14.71
49 70 1.89
302 321 11.60
98 119 3.79
26 45 0.98
131 152 5.05
197 198 7.57
223 244 8.58
326 347 12.55
234 255 9.02
81 101 3.10
166 185 6.37
82 83 3.12
339 340 13.04
21 22 0.78
79 99 3.05
271 291 10.43
273 294 10.52
297 316 11.43
315 335 12.13
80 99 3.07
358 378 13.79
108 128 4.15
12 13 0.44
229 248 8.80
164 185 6.31
211 231 8.12
230 250 8.85
139 159 5.36
335 356 12.91
33 54 1.28
279 300 10.76
28 49 1.08
303 322 11.64
370 389 14.23
251 252 9.64
130 150 5.00
77 96 2.96
196 197 7.53
214 235 8.25
23 43 0.87
264 265 10.13
42 43 1.58
158 178 6.09
319 339 12.29
171 172 6.56
341 361 13.11
134 153 5.15
28 47 1.06
239 258 9.20
148 149 5.67
347 348 13.33
355 376 13.68
2 23 0.07
51 72 1.97
129 130 4.94
366 367 14.06
252 273 9.71
350 370 13.47
315 336 12.14
81 102 3.11
101 122 3.88
65 84 2.48
168 189 6.47
341 362 13.12
57 58 2.18
19 38 0.73
386 387 14.69
121 122 4.63
355 374 13.66
104 125 4.00
336 357 12.95
361 362 13.87
41 61 1.56
26 47 1.00
364 384 14.00
72 73 2.75
111 130 4.26
178 198 6.86
352 371 13.54
135 154 5.19
31 51 1.19
18 37 0.69
212 232 8.16
334 353 12.85
290 291 11.14
62 83 2.38
146 147 5.59
176 177 6.76
175 194 6.73
293 314 11.29
46 66 1.76
130 151 5.01
176 197 6.79
99 119 3.82
190 191 7.29
144 145 5.51
169 190 6.51
178 199 6.87
117 138 4.52
110 111 4.21
91 112 3.51
344 363 13.22
203 204 7.78
364 383 13.99
5 26 0.19
245 246 9.40
245 265 9.42
128 148 4.92
246 266 9.46
52 71 1.99
344 365 13.24
253 272 9.73
67 88 2.58
260 280 10.01
232 253 8.94
150 170 5.77
239 260 9.22
172 173 6.60
327 347 12.58
282 283 10.82
198 219 7.64
288 307 11.07
53 73 2.04
37 56 1.42
92 111 3.53
186 205 7.14
326 327 12.52
306 307 11.75
312 332 12.01
351 372 13.52
56 75 2.15
137 138 5.26
140 160 5.39
337 358 12.99
56 77 2.17
323 344 12.43
19 39 0.74
254 255 9.76
285 304 10.95
337 338 12.96
264 283 10.14
285 286 10.94
289 310 11.13
102 103 3.89
3 23 0.10
309 330 11.90
194 195 7.45
104 105 3.97
210 230 8.08
355 375 13.67
231 232 8.87
313 332 12.04
73 74 2.79
338 357 13.01
335 354 12.89
153 172 5.88
106 126 4.07
383 384 14.66
13 33 0.50
144 163 5.52
236 237 9.07
318 338 12.25
79 80 3.03
97 116 3.73
273 293 10.51
5 25 0.18
25 46 0.96
82 102 3.14
55 74 2.11
336 356 12.94
175 176 6.72
331 332 12.72
58 79 2.25
142 161 5.44
269 289 10.35
366 386 14.08
88 89 3.36
204 225 7.85
97 98 3.72
112 133 4.32
64 84 2.45
272 292 10.47
314 335 12.10
13 34 0.51
154 174 5.93
62 63 2.35
251 271 9.66
99 100 3.80
208 228 8.00
371 391 14.28
49 69 1.88
47 68 1.81
152 172 5.85
344 345 13.21
286 305 10.99
304 325 11.70
294 315 11.33
113 114 4.33
142 143 5.43
119 138 4.58
34 35 1.29
31 52 1.20
396 397 14.79
315 334 12.12
110 130 4.23
380 399 14.62
380 400 14.63
257 277 9.90
156 157 5.99
369 390 14.21
23 42 0.86
265 266 10.17
149 150 5.71
231 250 8.88
332 353 12.79
334 355 12.87
327 346 12.57
322 323 12.36
352 373 13.56
240 260 9.24
136 137 5.22
78 79 2.99
69 89 2.65
377 396 14.51
359 378 13.82
279 299 10.75
173 193 6.66
209 229 8.04
264 285 10.16
267 268 10.25
158 177 6.08
59 80 2.29
190 209 7.30
284 304 10.92
166 186 6.38
302 322 11.61
228 249 8.78
305 306 11.71
322 341 12.37
252 271 9.69
184 203 7.06
206 207 7.90
265 285 10.19
278 299 10.72
179 200 6.91
374 393 14.39
94 113 3.61
283 284 10.86
206 227 7.93
118 138 4.55
93 114 3.59
268 287 10.30
190 210 7.31
59 78 2.27
224 244 8.61
91 92 3.48
85 104 3.25
325 345 12.50
178 179 6.84
153 174 5.90
120 139 4.61
236 256 9.09
202 203 7.74
3 22 0.09
308 329 11.86
370 390 14.24
250 251 9.60
6 25 0.21
199 220 7.68
115 134 4.42
233 254 8.98
368 389 14.17
158 159 6.07
145 165 5.57
312 333 12.02
20 40 0.77
115 135 4.43
36 37 1.37
106 127 4.08
174 195 6.71
357 358 13.73
54 73 2.07
149 169 5.73
345 346 13.25
361 381 13.88
46 65 1.75
216 235 8.31
329 330 12.64
387 388 14.70
349 370 13.44
259 260 9.96
354 374 13.63
60 79 2.30
183 202 7.02
255 274 9.81
248 267 9.53
155 156 5.95
357 378 13.76
216 237 8.33
124 143 4.75
96 97 3.68
23 44 0.88
205 226 7.89
238 239 9.15
222 241 8.52
106 125 4.06
282 303 10.85
347 366 13.34
120 140 4.62
157 158 6.03
224 243 8.60
397 398 14.80
304 305 11.67
325 346 12.51
155 176 5.98
290 310 11.16
366 385 14.07
185 206 7.12
83 84 3.16
138 158 5.32
266 287 10.24
168 188 6.46
172 191 6.61
295 315 11.36
259 279 9.98
338 359 13.03
291 312 11.21
328 347 12.61
167 188 6.43
141 162 5.42
373 394 14.37
73 92 2.80
376 396 14.48
348 367 13.38
345 366 13.28
272 291 10.46
64 65 2.43
14 33 0.53
180 200 6.93
363 383 13.96
201 222 7.73
76 97 2.94
107 108 4.09
113 133 4.35
176 195 6.77
349 368 13.42
113 132 4.34
70 71 2.67
390 391 14.73
53 54 2.02
15 35 0.58
362 383 13.93
143 163 5.49
182 201 6.98
36 56 1.39
368 369 14.14
336 337 12.92
221 241 8.49
331 352 12.75
284 305 10.93
242 261 9.29
274 275 10.53
48 68 1.84
359 380 13.84
236 257 9.10
191 210 7.34
209 230 8.05
251 272 9.67
21 41 0.79
206 226 7.92
269 290 10.36
322 342 12.38
251 270 9.65
72 92 2.77
368 388 14.16
199 219 7.67
147 167 5.65
139 160 5.37
299 320 11.53
237 256 9.12
194 215 7.48
369 388 14.19
214 215 8.22
180 199 6.92
189 210 7.28
278 297 10.70
54 74 2.08
184 205 7.08
363 382 13.95
224 245 8.62
194 213 7.46
352 372 13.55
134 154 5.16
57 77 2.20
29 30 1.09
151 172 5.82
225 245 8.65
315 316 12.11
28 48 1.07
268 269 10.29
159 160 6.11
81 82 3.09
222 243 8.54
45 65 1.72
369 389 14.20
136 157 5.25
126 147 4.85
77 98 2.98
53 72 2.03
245 264 9.41
62 81 2.36
237 238 9.11
154 175 5.94
138 159 5.33
31 32 1.17
135 155 5.20
113 134 4.36
364 365 13.98
282 302 10.84
88 109 3.39
297 318 11.45
98 99 3.76
71 90 2.72
167 187 6.42
199 218 7.66
243 263 9.34
74 75 2.83
78 97 3.00
6 27 0.23
63 84 2.42
374 375 14.38
171 192 6.59
278 279 10.69
368 387 14.15
10 11 0.36
262 263 10.05
155 174 5.96
25 45 0.95
333 334 12.80
371 390 14.27
198 217 7.62
145 164 5.56
127 147 4.88
69 88 2.64
119 120 4.57
280 299 10.77
288 309 11.09
218 219 8.38
137 156 5.27
181 201 6.95
69 90 2.66
354 375 13.64
55 76 2.13
234 254 9.01
332 333 12.76
227 228 8.71
321 342 12.35
141 161 5.41
39 58 1.50
302 303 11.59
333 353 12.82
58 78 2.24
265 284 10.18
96 115 3.69
243 244 9.32
117 136 4.50
305 325 11.73
109 130 4.20
130 149 4.99
164 183 6.29
355 356 13.65
1 22 0.03
195 196 7.49
340 360 13.09
359 379 13.83
55 56 2.10
218 238 8.40
244 263 9.37
314 334 12.09
176 196 6.78
311 331 11.97
90 111 3.47
93 112 3.57
97 117 3.74
109 110 4.17
175 195 6.74
145 166 5.58
131 151 5.04
63 83 2.41
44 65 1.69
15 16 0.56
332 351 12.77
7 8 0.24
339 359 13.06
38 58 1.47
5 24 0.17
350 369 13.46
189 208 7.26
276 295 10.62
117 118 4.49
11 32 0.43
320 340 12.32
256 276 9.86
193 194 7.41
310 330 11.93
19 20 0.72
1 21 0.02
39 60 1.52
192 211 7.38
116 117 4.45
348 369 13.40
39 40 1.49
328 329 12.60
187 208 7.20
219 239 8.44
346 347 13.29
258 259 9.92
250 270 9.62
157 176 6.04
330 349 12.69
311 332 11.98
201 202 7.71
321 341 12.34
213 234 8.21
372 393 14.33
151 152 5.79
208 227 7.99
339 360 13.07
254 273 9.77
300 319 11.54
367 387 14.12
160 179 6.15
116 137 4.48
33 34 1.25
22 41 0.82
244 265 9.39
34 54 1.31
194 214 7.47
83 102 3.17
13 32 0.49
283 302 10.87
236 255 9.08
302 323 11.62
367 388 14.13
356 357 13.69
178 197 6.85
183 184 7.01
27 48 1.04
228 229 8.75
224 225 8.59
45 66 1.73
146 165 5.60
306 327 11.78
199 200 7.65
124 125 4.74
235 254 9.04
76 77 2.91
258 279 9.95
246 247 9.44
202 223 7.77
145 146 5.55
137 158 5.29
319 320 12.27
123 144 4.73
185 186 7.09
289 308 11.11
67 68 2.55
270 290 10.39
255 275 9.82
226 246 8.69
156 176 6.01
14 35 0.55
316 337 12.18
186 207 7.16
217 236 8.35
218 237 8.39
244 264 9.38
76 96 2.93
74 95 2.86
151 170 5.80
249 269 9.58
233 252 8.96
262 281 10.06
166 167 6.36
188 207 7.22
212 231 8.15
373 393 14.36
206 225 7.91
153 173 5.89
86 105 3.29
365 386 14.05
38 39 1.45
276 297 10.64
253 273 9.74
87 108 3.35
312 331 12.00
58 77 2.23
219 220 8.42
87 88 3.32
229 249 8.81
150 151 5.75
285 306 10.97
115 116 4.41
17 38 0.67
244 245 9.36
29 50 1.12
94 115 3.63
356 375 13.70
266 286 10.23
119 140 4.60
186 206 7.15
287 288 11.02
274 293 10.54
215 216 8.26
308 328 11.85
217 238 8.37
161 162 6.17
282 301 10.83
159 180 6.14
132 152 5.08
207 208 7.94
25 26 0.93
339 358 13.05
358 377 13.78
5 6 0.16
234 235 8.99
39 59 1.51
228 247 8.76
48 69 1.85
65 85 2.49
126 146 4.84
248 269 9.55
102 121 3.90
47 48 1.78
205 225 7.88
269 270 10.33
263 284 10.12
290 309 11.15
216 236 8.32
159 178 6.12
389 390 14.72
333 352 12.81
268 288 10.31
324 325 12.44
279 298 10.74
284 303 10.91
195 216 7.52
141 142 5.40
241 242 9.25
215 234 8.27
356 377 13.72
64 83 2.44
72 91 2.76
126 127 4.82
192 193 7.37
7 28 0.27
309 329 11.89
96 117 3.71
52 72 2.00
277 298 10.68
351 370 13.50
67 87 2.57
191 211 7.35
109 128 4.18
22 42 0.83
379 380 14.58
124 145 4.77
313 314 12.03
15 36 0.59
142 162 5.45
2 3 0.04
276 277 10.61
9 29 0.34
308 327 11.84
307 328 11.82
50 71 1.93
66 67 2.51
382 383 14.65
86 87 3.28
118 139 4.56
7 27 0.26
245 266 9.43
385 386 14.68
260 279 10.00
89 109 3.42
11 31 0.42
253 274 9.75
33 53 1.27
146 166 5.61
379 398 14.59
138 139 5.30
205 224 7.87
174 194 6.70
268 289 10.32
298 318 11.48
353 372 13.58
123 142 4.71
318 339 12.26
67 86 2.56
292 313 11.25
90 91 3.44
274 295 10.56
70 89 2.68
259 278 9.97
323 343 12.42
95 114 3.65
62 82 2.37
241 261 9.26
134 155 5.17
85 86 3.24
246 267 9.47
359 360 13.81
347 368 13.36
93 113 3.58
235 236 9.03
316 335 12.16
262 282 10.07
115 136 4.44
242 243 9.28
159 179 6.13
181 182 6.94
50 69 1.91
185 204 7.10
43 62 1.63
98 117 3.77
243 264 9.35
298 317 11.47
133 152 5.11
370 391 14.25
12 33 0.47
333 354 12.83
381 382 14.64
297 298 11.42
196 216 7.55
127 148 4.89
17 18 0.64
24 44 0.91
249 268 9.57
61 82 2.34
295 296 11.34
256 275 9.85
379 400 14.61
55 75 2.12
162 181 6.21
318 319 12.23
325 344 12.49
32 51 1.22
30 31 1.13
328 349 12.63
353 354 13.57
370 371 14.22
170 171 6.52
91 111 3.50
162 182 6.22
18 19 0.68
61 62 2.32
187 188 7.17
116 136 4.47
192 212 7.39
225 226 8.63
266 285 10.22
173 194 6.67
128 129 4.90
170 190 6.54
266 267 10.21
154 173 5.92
230 249 8.84
367 386 14.11
125 144 4.79
177 198 6.83
342 362 13.15
106 107 4.05
329 349 12.66
330 351 12.71
68 88 2.61
133 134 5.10
327 328 12.56
229 230 8.79
8 28 0.30
125 146 4.81
66 87 2.54
273 274 10.49
152 173 5.86
68 89 2.62
59 79 2.28
344 364 13.23
105 124 4.02
92 113 3.55
286 307 11.01
324 345 12.47
177 196 6.81
158 179 6.10
121 141 4.64
100 119 3.84
248 268 9.54
112 113 4.29
200 220 7.70
170 191 6.55
177 178 6.80
281 301 10.80
354 355 13.61
267 287 10.27
362 381 13.91
324 343 12.45
43 63 1.64
196 215 7.54
215 235 8.28
231 251 8.89
303 324 11.66
21 42 0.80
78 98 3.01
179 199 6.90
304 324 11.69
162 183 6.23
60 80 2.31
44 45 1.66
143 164 5.50
360 379 13.85
65 66 2.47
193 213 7.43
237 258 9.14
361 382 13.89
100 120 3.85
255 276 9.83
4 23 0.13
276 296 10.63
338 358 13.02
198 199 7.61
296 317 11.41
316 336 12.17
50 51 1.90
73 93 2.81
202 222 7.76
204 224 7.84
118 137 4.54
182 202 6.99
202 221 7.75
375 396 14.45
153 154 5.87
9 10 0.32
319 338 12.28
40 60 1.54
104 123 3.98
366 387 14.09
290 311 11.17
261 282 10.04
182 183 6.97
246 265 9.45
157 178 6.06
294 313 11.31
107 128 4.12
294 314 11.32
73 94 2.82
261 281 10.03
96 116 3.70
95 116 3.67
82 103 3.15
185 205 7.11
375 394 14.43
35 54 1.34
78 99 3.02
144 165 5.54
4 25 0.15
7 26 0.25
349 350 13.41
37 57 1.43
175 196 6.75
230 231 8.83
208 209 7.98
156 175 6.00
61 81 2.33
128 147 4.91
352 353 13.53
348 349 13.37
261 262 10.02
123 124 4.70
234 253 9.00
129 148 4.95
306 326 11.77
89 90 3.40
105 106 4.01
36 57 1.40
165 185 6.34
89 108 3.41
183 203 7.03
337 357 12.98
338 339 13.00
211 212 8.10
292 311 11.23
95 115 3.66
303 304 11.63
16 17 0.60
66 86 2.53
166 187 6.39
30 51 1.16
240 259 9.23
147 168 5.66
17 37 0.66
332 352 12.78
182 203 7.00
223 243 8.57
192 213 7.40
362 363 13.90
16 36 0.62
258 278 9.94
75 94 2.88
51 52 1.94
273 292 10.50
309 310 11.87
177 197 6.82
267 288 10.28
184 185 7.05
297 317 11.44
398 399 14.81
212 233 8.17
271 292 10.44
35 56 1.36
307 326 11.80
30 49 1.14
271 272 10.41
317 337 12.21
215 236 8.29
9 28 0.33
350 351 13.45
378 398 14.56
122 123 4.66
46 67 1.77
150 169 5.76
198 218 7.63
50 70 1.92
41 62 1.57
114 133 4.38
163 182 6.25
43 64 1.65
346 367 13.32
296 297 11.38
125 126 4.78
249 270 9.59
35 55 1.35
222 242 8.53
226 227 8.67
369 370 14.18
213 214 8.18
225 244 8.64
22 43 0.84
108 127 4.14
163 183 6.26
49 50 1.86
114 135 4.40
