1600 6162
1449 1450 56.84
1036 1076 40.67
686 687 26.89
1538 1577 60.35
903 904 35.42
434 473 17.03
343 382 13.45
329 369 12.90
436 437 17.10
430 469 16.87
951 990 37.32
629 669 24.69
344 345 13.48
542 583 21.28
1421 1422 55.75
63 102 2.46
863 903 33.87
365 404 14.30
651 690 25.53
689 690 27.01
402 403 15.74
1115 1155 43.77
15 16 0.56
937 938 36.75
1167 1206 45.78
567 568 22.22
1227 1267 48.16
463 504 18.18
340 381 13.35
569 608 22.31
44 84 1.71
624 665 24.50
92 93 3.58
112 151 4.39
61 101 2.39
432 473 16.97
1033 1034 40.53
820 860 32.18
1493 1494 58.57
224 264 8.79
1090 1091 42.75
1094 1095 42.91
58 59 2.25
702 703 27.53
427 466 16.75
1315 1355 51.62
1209 1210 47.42
1012 1013 39.69
907 946 35.59
1261 1302 49.50
313 354 12.30
456 496 17.89
1097 1137 43.05
1115 1154 43.76
1295 1336 50.83
1050 1091 41.21
1127 1167 44.22
6 7 0.20
327 366 12.81
571 610 22.39
219 220 8.57
43 44 1.65
1550 1590 60.84
475 476 18.63
254 295 9.97
799 839 31.37
634 635 24.87
12 13 0.44
352 391 13.81
64 103 2.50
901 941 35.36
308 348 12.09
430 470 16.88
1092 1133 42.86
856 897 33.60
608 647 23.84
928 968 36.41
902 903 35.38
300 339 11.76
380 420 14.91
258 259 10.10
64 65 2.49
73 113 2.87
1266 1307 49.70
1133 1174 44.47
910 911 35.70
1423 1464 55.86
162 203 6.35
28 67 1.09
1172 1213 46.00
877 917 34.43
1049 1089 41.16
816 817 32.00
1235 1275 48.48
1154 1194 45.30
481 522 18.87
122 162 4.77
192 193 7.52
1308 1349 51.35
1031 1071 40.47
855 856 33.53
48 49 1.85
1294 1333 50.77
727 728 28.50
193 234 7.59
816 856 32.02
636 676 24.97
547 588 21.48
375 414 14.70
1311 1352 51.47
404 405 15.82
1447 1488 56.79
1391 1431 54.60
1406 1407 55.15
2 43 0.07
572 611 22.43
191 231 7.50
1380 1421 54.17
685 726 26.88
511 552 20.07
699 739 27.43
774 814 30.37
1233 1274 48.41
607 608 23.79
1177 1216 46.18
1163 1203 45.63
317 358 12.46
224 263 8.78
1272 1312 49.93
1448 1449 56.80
1269 1270 49.79
965 1005 37.86
636 675 24.96
346 347 13.56
1378 1417 54.07
596 637 23.41
1513 1554 59.40
831 872 32.63
1215 1216 47.66
1549 1588 60.79
337 376 13.21
1136 1175 44.57
557 597 21.87
1551 1590 60.87
520 560 20.41
1299 1339 50.98
1021 1062 40.08
466 506 18.29
981 982 38.48
377 418 14.80
258 299 10.13
473 474 18.55
1316 1356 51.66
1552 1592 60.92
85 125 3.32
461 500 18.08
670 709 26.29
1366 1406 53.60
582 623 22.85
933 934 36.59
918 958 36.04
629 670 24.70
890 931 34.93
1307 1346 51.29
1103 1143 43.29
1104 1144 43.33
901 942 35.37
112 113 4.38
1136 1177 44.59
1254 1294 49.21
501 540 19.65
731 732 28.66
534 575 20.96
700 740 27.47
1007 1048 39.52
1432 1433 56.19
1294 1295 50.76
686 725 26.90
814 855 31.95
641 642 25.13
654 694 25.66
1524 1565 59.81
828 829 32.48
1517 1558 59.56
649 690 25.47
1181 1220 46.34
1282 1283 50.28
867 906 34.02
1137 1177 44.62
456 457 17.87
681 721 26.71
839 878 32.93
981 1022 38.51
777 778 30.47
1104 1145 43.34
428 468 16.80
982 1023 38.55
632 633 24.79
657 698 25.79
1049 1050 41.14
1083 1122 42.48
1039 1080 40.80
1131 1170 44.37
305 345 11.97
1329 1370 52.16
364 404 14.27
70 111 2.76
950 991 37.30
1098 1099 43.07
1022 1061 40.10
1362 1401 53.43
400 439 15.69
922 963 36.18
633 673 24.85
1116 1155 43.80
1243 1284 48.78
383 384 15.01
73 74 2.85
1028 1068 40.35
579 618 22.71
737 776 28.91
395 436 15.52
387 388 15.17
1047 1088 41.09
1191 1230 46.74
1541 1580 60.47
798 799 31.31
1253 1292 49.16
255 256 9.98
628 668 24.65
1488 1489 58.37
795 796 31.19
866 907 34.00
1231 1271 48.32
101 141 3.96
989 1028 38.81
235 275 9.23
487 526 19.09
133 174 5.22
1524 1564 59.80
1444 1445 56.64
1247 1287 48.93
1229 1268 48.23
1488 1527 58.38
801 842 31.43
351 391 13.78
435 476 17.09
1313 1353 51.54
1466 1506 57.54
450 489 17.64
1562 1563 61.25
1060 1101 41.61
1083 1084 42.47
1055 1056 41.38
49 90 1.92
935 976 36.70
503 544 19.75
687 728 26.96
836 837 32.80
170 209 6.65
884 885 34.66
1014 1055 39.80
1214 1255 47.65
1436 1476 56.37
1260 1301 49.46
287 288 11.23
1310 1351 51.43
246 286 9.64
1405 1444 55.12
1344 1383 52.74
136 175 5.32
1424 1464 55.89
984 985 38.60
1500 1501 58.85
1268 1307 49.76
127 166 4.96
534 574 20.95
95 135 3.72
1081 1121 42.41
1210 1250 47.48
770 771 30.19
1262 1302 49.53
122 163 4.78
1352 1392 53.07
761 802 29.86
533 534 20.89
1024 1025 40.17
120 159 4.70
1266 1305 49.68
66 105 2.58
374 413 14.66
1145 1146 44.92
923 963 36.21
482 521 18.89
1091 1132 42.82
690 730 27.07
932 971 36.56
485 526 19.03
879 919 34.51
534 535 20.93
1418 1419 55.63
559 598 21.94
62 102 2.43
1341 1381 52.63
868 909 34.08
1064 1103 41.75
901 902 35.34
945 984 37.08
1320 1360 51.81
1062 1103 41.69
1009 1010 39.57
1004 1045 39.40
311 352 12.22
519 559 20.38
1416 1457 55.58
1380 1420 54.16
987 1028 38.75
1037 1077 40.71
76 117 3.00
1322 1361 51.86
1180 1181 46.29
1064 1105 41.77
45 46 1.73
1570 1571 61.33
1346 1347 52.81
1324 1325 51.93
1499 1539 58.83
943 982 37.00
373 374 14.61
31 71 1.22
276 317 10.85
192 232 7.54
662 663 25.96
55 96 2.16
251 292 9.85
883 922 34.63
956 997 37.54
1369 1410 53.73
351 390 13.77
1076 1115 42.23
1557 1597 61.12
8 49 0.31
230 269 9.02
739 779 29.00
1375 1376 53.94
988 1028 38.78
1263 1303 49.57
405 444 15.87
1018 1057 39.94
818 819 32.08
940 981 36.90
1538 1539 60.34
228 268 8.95
622 623 24.39
393 434 15.44
382 421 14.98
1491 1492 58.49
381 422 14.96
136 176 5.33
1366 1405 53.59
1039 1078 40.78
1477 1516 57.97
1100 1140 43.17
360 399 14.12
768 808 30.13
115 156 4.53
928 929 36.39
1512 1513 59.33
1134 1135 44.48
39 78 1.53
1540 1581 60.45
24 65 0.95
337 338 13.20
885 886 34.70
221 261 8.67
920 960 36.11
1463 1503 57.42
689 729 27.03
175 176 6.84
355 395 13.94
1395 1396 54.74
1363 1364 53.46
1443 1482 56.61
1255 1294 49.24
1134 1174 44.50
146 186 5.73
875 876 34.33
593 634 23.29
812 852 31.86
1188 1228 46.63
458 497 17.96
1535 1576 60.25
689 730 27.04
1451 1492 56.95
107 147 4.20
1478 1517 58.01
87 127 3.40
121 162 4.74
375 376 14.69
936 976 36.73
258 297 10.11
1319 1320 51.76
1057 1096 41.47
1169 1208 45.86
1100 1101 43.15
421 460 16.51
650 651 25.48
998 1038 39.18
566 607 22.21
611 652 23.98
272 313 10.69
977 1017 38.34
1447 1448 56.76
621 622 24.35
21 61 0.82
748 787 29.35
92 131 3.59
1313 1352 51.53
138 139 5.39
1506 1507 59.09
234 273 9.18
402 443 15.77
32 71 1.25
1453 1492 57.01
1311 1312 51.44
452 493 17.74
1495 1536 58.68
139 140 5.43
1197 1236 46.98
333 373 13.06
562 563 22.02
323 324 12.64
852 893 33.44
377 417 14.79
1264 1305 49.62
1179 1218 46.26
539 578 21.14
1363 1404 53.49
1166 1205 45.74
1120 1159 43.95
1250 1291 49.06
948 989 37.22
245 285 9.60
725 765 28.44
182 223 7.15
841 882 33.00
1287 1326 50.49
1446 1487 56.75
1097 1136 43.04
553 554 21.69
676 717 26.55
1452 1491 56.97
653 693 25.62
137 178 5.38
821 861 32.22
1130 1169 44.33
1187 1227 46.59
623 662 24.44
822 861 32.25
996 1036 39.10
1467 1507 57.58
1079 1118 42.35
1147 1187 45.02
1256 1296 49.29
1054 1055 41.34
1023 1024 40.13
357 398 14.03
37 38 1.44
1532 1571 60.11
1228 1269 48.21
345 385 13.54
942 982 36.97
292 332 11.45
349 390 13.71
328 369 12.87
628 667 24.64
1056 1097 41.45
1201 1242 47.13
1132 1173 44.43
181 220 7.09
682 683 26.73
1168 1208 45.83
1126 1167 44.19
451 491 17.69
1234 1274 48.44
351 352 13.76
683 684 26.77
784 825 30.78
599 640 23.53
364 365 14.25
1416 1455 55.56
592 633 23.25
1222 1262 47.96
294 334 11.53
455 456 17.83
790 830 31.01
1046 1085 41.03
1105 1106 43.35
399 439 15.67
1185 1226 46.52
1235 1236 48.46
775 816 30.42
767 808 30.10
169 170 6.60
922 923 36.15
84 85 3.26
1148 1187 45.05
1469 1470 57.64
168 208 6.58
111 150 4.35
670 710 26.30
445 484 17.44
181 221 7.10
1403 1443 55.05
559 599 21.95
36 75 1.41
653 692 25.61
1144 1184 44.90
494 533 19.37
411 450 16.11
1068 1108 41.92
970 1010 38.06
974 1014 38.22
971 1010 38.09
1013 1052 39.74
645 684 25.29
1182 1222 46.39
494 534 19.38
905 944 35.51
551 590 21.62
682 722 26.75
1178 1218 46.23
525 566 20.60
1331 1371 52.23
91 131 3.56
1527 1566 59.91
1190 1231 46.72
1063 1102 41.71
1153 1193 45.26
1390 1391 54.54
861 900 33.78
322 363 12.63
718 758 28.19
1457 1496 57.17
691 692 27.09
994 1033 39.01
749 750 29.38
575 576 22.54
570 609 22.35
1248 1288 48.97
707 747 27.75
1034 1075 40.60
1078 1118 42.32
368 409 14.44
230 271 9.04
786 787 30.83
907 908 35.58
384 424 15.07
815 856 31.99
1233 1273 48.40
391 432 15.36
552 592 21.67
745 785 29.24
898 938 35.24
880 920 34.54
266 267 10.42
326 327 12.76
1326 1366 52.03
1375 1415 53.96
188 227 7.37
742 782 29.12
78 117 3.06
735 776 28.85
91 132 3.57
206 207 8.05
1321 1322 51.82
1472 1473 57.76
1399 1440 54.93
468 469 18.35
184 224 7.22
562 601 22.03
518 559 20.35
1392 1432 54.64
154 194 6.05
658 699 25.83
1033 1074 40.56
664 705 26.07
378 379 14.81
454 494 17.81
1283 1284 50.32
305 306 11.95
9 10 0.32
1117 1156 43.84
967 1007 37.94
256 296 10.04
590 631 23.17
1030 1031 40.41
249 250 9.74
972 973 38.12
1507 1508 59.13
1461 1502 57.35
882 921 34.59
49 88 1.90
1317 1356 51.69
555 595 21.79
448 489 17.58
77 117 3.03
382 422 14.99
424 465 16.65
1109 1110 43.51
1492 1493 58.53
1332 1333 52.25
754 793 29.59
1318 1319 51.72
1466 1467 57.52
102 143 4.01
17 58 0.67
335 376 13.15
303 343 11.89
1115 1156 43.78
1301 1341 51.06
789 828 30.96
1192 1233 46.80
1232 1272 48.36
906 946 35.56
220 221 8.61
1522 1562 59.72
678 717 26.61
830 869 32.57
745 786 29.25
954 955 37.43
918 919 36.02
543 582 21.30
1300 1341 51.03
394 435 15.48
1314 1315 51.56
657 696 25.77
832 872 32.66
218 219 8.53
285 326 11.18
112 152 4.40
1348 1388 52.91
1283 1322 50.33
1410 1451 55.34
719 760 28.24
1228 1229 48.18
46 85 1.78
1559 1600 61.21
904 905 35.46
1282 1322 50.30
856 896 33.59
638 679 25.06
528 568 20.71
196 197 7.68
1118 1159 43.90
787 826 30.88
884 925 34.69
1223 1224 47.98
1208 1248 47.40
1548 1589 60.77
723 763 28.36
498 539 19.55
35 36 1.36
199 238 7.81
938 977 36.80
833 873 32.70
813 854 31.91
513 553 20.14
260 299 10.19
70 110 2.75
8 48 0.30
455 496 17.86
540 581 21.20
49 50 1.89
639 678 25.08
302 343 11.86
545 585 21.39
1095 1135 42.97
443 483 17.37
1411 1450 55.36
654 693 25.65
628 629 24.63
505 546 19.83
1357 1398 53.28
987 1026 38.73
431 472 16.93
16 17 0.60
1238 1279 48.61
546 547 21.41
1370 1371 53.74
1406 1447 55.18
1159 1199 45.50
1206 1247 47.33
1456 1496 57.14
726 767 28.49
1116 1156 43.81
1512 1551 59.34
555 596 21.80
815 854 31.97
745 746 29.22
141 180 5.52
19 20 0.72
1067 1068 41.86
1091 1092 42.79
1115 1116 43.75
1008 1009 39.53
119 158 4.67
619 659 24.29
5 6 0.16
1537 1576 60.31
756 795 29.67
1221 1260 47.91
131 171 5.13
472 513 18.54
1334 1373 52.34
492 531 19.29
1218 1258 47.80
395 434 15.50
1459 1498 57.25
65 105 2.55
247 286 9.67
1203 1244 47.21
1418 1459 55.66
1007 1047 39.51
1035 1036 40.61
894 934 35.08
764 804 29.97
839 879 32.94
1046 1087 41.05
1198 1237 47.02
1311 1350 51.45
54 93 2.10
1383 1384 54.26
338 377 13.25
1117 1158 43.86
1372 1413 53.85
433 472 16.99
869 870 34.09
697 737 27.35
1594 1595 61.57
887 926 34.79
805 844 31.57
985 1025 38.66
460 500 18.05
1265 1304 49.64
906 945 35.55
1002 1041 39.30
268 308 10.52
1432 1471 56.20
502 541 19.69
211 250 8.26
625 664 24.52
135 136 5.27
1303 1343 51.14
257 296 10.07
924 963 36.24
225 266 8.84
756 796 29.68
517 556 20.29
935 974 36.68
948 988 37.21
66 67 2.57
569 570 22.30
1322 1323 51.85
1506 1547 59.12
323 363 12.66
1524 1525 59.78
1401 1441 54.97
730 731 28.62
819 858 32.13
789 790 30.95
736 737 28.86
643 682 25.21
1096 1136 43.01
591 631 23.20
1190 1230 46.71
74 113 2.90
584 625 22.93
959 960 37.63
362 403 14.20
385 425 15.11
963 1002 37.77
1004 1044 39.39
194 233 7.61
985 1026 38.67
1157 1198 45.43
942 943 36.95
417 418 16.34
278 318 10.92
737 778 28.93
245 246 9.58
1344 1345 52.73
295 296 11.55
1537 1577 60.32
104 144 4.08
1236 1276 48.52
81 121 3.16
515 555 20.22
1110 1150 43.57
1264 1304 49.61
1232 1233 48.34
356 396 13.98
146 187 5.74
494 495 19.36
667 708 26.19
575 616 22.57
35 76 1.39
1243 1283 48.77
940 979 36.88
285 325 11.17
834 835 32.72
843 883 33.07
1349 1389 52.95
1439 1480 56.50
82 123 3.21
751 752 29.46
184 223 7.21
552 553 21.65
1530 1570 60.04
905 906 35.50
287 327 11.25
94 133 3.67
830 870 32.58
84 124 3.28
57 58 2.21
132 172 5.17
1382 1421 54.23
1240 1280 48.67
1046 1086 41.04
1490 1529 58.46
1222 1263 47.97
951 991 37.33
89 130 3.49
1397 1436 54.83
593 632 23.27
668 669 26.20
1022 1063 40.12
187 227 7.34
309 348 12.12
667 668 26.16
787 788 30.87
58 98 2.27
1161 1202 45.56
1057 1058 41.46
671 710 26.33
887 888 34.78
1138 1179 44.67
418 459 16.41
961 1001 37.70
141 142 5.51
414 453 16.23
881 921 34.56
764 805 29.98
847 888 33.24
1203 1243 47.20
683 722 26.78
478 517 18.76
193 194 7.56
649 650 25.44
1229 1270 48.25
1534 1575 60.21
495 534 19.41
154 193 6.04
1531 1572 60.09
1381 1422 54.21
513 554 20.15
987 1027 38.74
172 211 6.73
999 1040 39.23
1333 1334 52.29
448 449 17.55
1309 1348 51.37
68 107 2.66
1199 1238 47.06
714 753 28.02
118 158 4.64
1463 1502 57.41
276 315 10.83
492 532 19.30
961 1002 37.71
995 1035 39.06
763 764 29.91
848 888 33.27
864 865 33.89
937 977 36.77
1030 1071 40.44
912 913 35.78
995 996 39.04
522 523 20.45
380 381 14.89
774 815 30.38
746 747 29.26
355 356 13.92
617 656 24.20
452 453 17.71
36 37 1.40
1144 1183 44.89
1100 1139 43.16
1049 1088 41.15
1256 1297 49.30
1042 1083 40.89
209 248 8.18
1216 1257 47.73
146 185 5.72
412 452 16.16
226 266 8.87
568 608 22.28
524 563 20.54
142 143 5.55
161 162 6.29
1228 1268 48.20
212 252 8.31
1190 1191 46.69
589 628 23.11
159 160 6.23
995 1036 39.07
981 1021 38.50
1334 1335 52.33
251 291 9.84
1313 1314 51.52
350 390 13.74
164 203 6.41
165 204 6.45
659 700 25.87
790 831 31.02
46 47 1.77
766 805 30.04
446 486 17.49
72 111 2.82
30 69 1.17
307 348 12.06
678 718 26.62
1258 1299 49.38
325 326 12.72
867 907 34.03
1089 1130 42.74
804 805 31.52
1077 1118 42.29
1316 1355 51.65
289 329 11.33
1291 1332 50.67
755 796 29.65
1211 1212 47.50
178 219 6.99
868 907 34.06
1442 1481 56.57
815 855 31.98
1169 1170 45.85
938 978 36.81
1285 1324 50.41
317 357 12.45
213 214 8.33
1475 1514 57.89
1114 1153 43.72
1510 1549 59.26
566 606 22.20
871 912 34.20
450 490 17.65
469 508 18.40
755 794 29.63
1417 1418 55.59
353 392 13.85
1064 1065 41.74
576 616 22.60
249 288 9.75
710 750 27.87
765 805 30.01
1251 1252 49.07
1133 1172 44.45
846 886 33.19
984 1024 38.62
518 519 20.32
1026 1066 40.27
1152 1191 45.21
1520 1560 59.66
1225 1266 48.09
1177 1217 46.19
1029 1069 40.39
850 890 33.35
326 367 12.79
1246 1287 48.90
834 875 32.75
336 376 13.18
762 802 29.89
567 606 22.23
532 533 20.85
440 480 17.27
144 185 5.66
483 523 18.94
361 401 14.15
1026 1027 40.25
938 979 36.82
307 347 12.05
99 140 3.89
1062 1101 41.67
298 299 11.67
1015 1016 39.81
1260 1300 49.45
238 278 9.35
300 301 11.75
1058 1097 41.51
1108 1109 43.47
1075 1114 42.19
1252 1291 49.12
829 868 32.53
19 60 0.75
1346 1387 52.84
1336 1376 52.43
93 94 3.62
112 153 4.41
493 532 19.33
249 289 9.76
1123 1124 44.04
910 950 35.72
865 866 33.93
32 72 1.26
1146 1185 44.97
1119 1158 43.92
644 684 25.26
1216 1217 47.70
1162 1163 45.57
917 918 35.98
896 935 35.15
256 257 10.02
1352 1393 53.08
1138 1139 44.64
465 504 18.24
703 742 27.58
1482 1521 58.14
1328 1329 52.09
148 188 5.81
330 331 12.92
12 53 0.47
196 236 7.70
1457 1497 57.18
110 150 4.32
90 130 3.52
1045 1046 40.98
1135 1175 44.54
447 486 17.52
1373 1414 53.89
1498 1538 58.79
1290 1331 50.63
929 968 36.44
134 135 5.23
117 157 4.60
1477 1478 57.96
1175 1215 46.11
1551 1592 60.89
1080 1120 42.39
1140 1179 44.73
1426 1465 55.96
1018 1059 39.96
1426 1466 55.97
1189 1190 46.65
394 434 15.47
333 334 13.04
254 255 9.94
1160 1199 45.52
544 584 21.35
573 612 22.47
1502 1541 58.94
955 956 37.47
1420 1460 55.73
406 445 15.91
1061 1102 41.65
9 50 0.35
425 426 16.66
437 438 17.14
1497 1498 58.73
99 139 3.88
571 611 22.40
1269 1308 49.80
419 459 16.44
1475 1516 57.91
1090 1129 42.76
798 839 31.34
818 859 32.11
1183 1223 46.43
464 504 18.21
993 1032 38.97
1301 1340 51.05
753 792 29.55
175 216 6.87
626 665 24.56
162 201 6.33
1439 1478 56.48
1417 1456 55.60
600 639 23.54
1094 1133 42.92
50 89 1.94
1167 1168 45.77
674 715 26.47
467 508 18.34
513 514 20.12
1312 1352 51.50
1480 1520 58.09
754 795 29.61
51 90 1.98
581 620 22.79
843 884 33.08
10 49 0.37
582 621 22.83
694 734 27.23
870 871 34.13
201 241 7.87
727 768 28.53
38 77 1.49
1369 1370 53.70
842 881 33.02
547 586 21.46
437 477 17.16
208 248 8.15
973 1012 38.17
1541 1581 60.48
1455 1456 57.08
545 586 21.40
646 686 25.34
579 619 22.72
1194 1234 46.87
1069 1108 41.95
807 847 31.66
156 195 6.12
128 168 5.01
663 703 26.02
267 308 10.49
546 585 21.42
486 527 19.07
24 63 0.93
1025 1066 40.24
1300 1339 51.01
504 545 19.79
388 428 15.23
763 804 29.94
42 83 1.64
469 510 18.42
614 655 24.10
264 304 10.36
466 507 18.30
236 237 9.25
1071 1072 42.02
189 228 7.41
250 289 9.79
512 513 20.08
914 954 35.88
589 590 23.10
1098 1138 43.09
1271 1311 49.89
42 81 1.62
487 527 19.10
202 243 7.92
133 173 5.21
1101 1140 43.20
668 708 26.22
1474 1475 57.84
696 736 27.31
354 355 13.88
679 680 26.64
455 494 17.84
353 354 13.84
724 763 28.39
1357 1358 53.25
695 735 27.27
1506 1546 59.11
695 736 27.28
1080 1119 42.38
1434 1473 56.28
1207 1208 47.34
2 3 0.04
151 190 5.92
38 78 1.50
269 270 10.54
55 95 2.15
541 581 21.23
270 310 10.60
80 120 3.14
1279 1318 50.20
1330 1371 52.20
790 791 30.99
728 767 28.55
179 220 7.03
1281 1322 50.27
1483 1522 58.18
3 4 0.08
979 980 38.40
299 340 11.74
1353 1393 53.11
1428 1468 56.05
553 592 21.70
407 448 15.97
828 868 32.50
1017 1018 39.89
646 685 25.33
48 87 1.86
874 875 34.29
1221 1222 47.90
1432 1473 56.22
346 387 13.59
1312 1351 51.49
509 550 19.99
539 540 21.13
699 740 27.44
782 821 30.68
1244 1284 48.81
716 755 28.10
386 387 15.13
883 924 34.65
348 349 13.64
1283 1323 50.34
27 67 1.06
267 307 10.48
1399 1439 54.92
504 544 19.78
1558 1559 61.14
1396 1436 54.80
232 273 9.12
374 414 14.67
980 981 38.44
143 183 5.61
1031 1032 40.45
366 406 14.35
816 857 32.03
1066 1067 41.82
198 239 7.79
310 351 12.18
151 191 5.93
284 324 11.13
872 873 34.21
650 691 25.51
1406 1445 55.16
691 730 27.10
866 906 33.99
1341 1342 52.61
1054 1094 41.36
123 163 4.81
238 239 9.33
1344 1384 52.75
688 729 27.00
1239 1278 48.63
1088 1127 42.68
681 722 26.72
432 471 16.95
1243 1244 48.75
1287 1327 50.50
209 250 8.20
601 641 23.57
1391 1430 54.59
679 719 26.66
1012 1053 39.72
1275 1314 50.04
1212 1213 47.54
231 270 9.06
1042 1043 40.86
92 132 3.60
423 462 16.59
854 895 33.52
415 456 16.29
964 1003 37.81
489 530 19.19
324 363 12.69
990 1031 38.87
959 1000 37.66
35 74 1.37
296 336 11.61
150 151 5.87
734 773 28.79
6 46 0.22
106 145 4.15
1435 1476 56.34
1253 1293 49.17
331 370 12.97
570 611 22.37
73 112 2.86
436 476 17.12
25 66 0.99
738 779 28.97
782 822 30.69
1456 1495 57.13
95 96 3.70
627 667 24.61
233 272 9.14
13 53 0.50
1108 1147 43.48
184 225 7.23
1036 1075 40.66
959 999 37.65
358 399 14.07
134 173 5.24
404 443 15.83
847 887 33.23
471 510 18.48
1126 1166 44.18
222 223 8.69
519 558 20.37
789 829 30.97
514 553 20.17
822 862 32.26
131 170 5.12
471 472 18.47
680 720 26.69
231 271 9.07
594 633 23.31
803 843 31.50
52 93 2.04
1347 1387 52.87
1039 1079 40.79
1184 1225 46.48
595 636 23.37
467 507 18.33
1288 1289 50.52
445 486 17.46
1191 1231 46.75
21 22 0.80
67 108 2.64
604 643 23.68
1481 1521 58.11
663 704 26.03
336 377 13.19
149 188 5.84
685 725 26.87
214 255 8.40
1218 1257 47.79
1504 1544 59.03
1354 1395 53.16
671 672 26.32
200 240 7.85
1378 1419 54.09
640 680 25.12
1364 1405 53.53
428 469 16.81
772 813 30.30
180 221 7.07
1560 1599 61.22
764 765 29.95
33 72 1.29
1376 1415 53.99
51 92 2.00
1151 1192 45.19
1247 1286 48.92
1331 1332 52.21
286 326 11.21
1202 1203 47.14
179 218 7.01
379 380 14.85
1361 1362 53.39
1192 1193 46.77
140 180 5.49
616 655 24.16
537 578 21.08
610 611 23.91
595 635 23.36
371 411 14.55
1233 1272 48.39
375 415 14.71
1357 1397 53.27
854 855 33.49
898 937 35.23
506 547 19.87
434 475 17.05
449 489 17.61
660 661 25.88
706 747 27.72
170 210 6.66
870 911 34.16
1157 1197 45.42
412 451 16.15
1425 1466 55.94
1008 1048 39.55
285 324 11.16
502 542 19.70
615 654 24.12
951 992 37.34
129 168 5.04
1511 1552 59.32
720 759 28.25
905 946 35.53
1264 1303 49.60
1337 1377 52.47
444 483 17.40
1474 1514 57.86
54 95 2.12
725 764 28.43
329 368 12.89
128 129 4.99
424 463 16.63
162 202 6.34
835 875 32.78
184 185 7.20
738 778 28.96
807 808 31.64
399 400 15.65
410 411 16.06
1473 1474 57.80
164 204 6.42
1516 1517 59.49
1038 1039 40.73
68 69 2.65
1382 1383 54.22
1481 1522 58.12
86 125 3.35
51 91 1.99
929 930 36.43
100 101 3.90
758 798 29.76
666 707 26.15
1442 1483 56.59
1179 1219 46.27
1449 1490 56.87
677 716 26.57
118 119 4.62
815 816 31.96
1246 1285 48.88
1008 1047 39.54
810 851 31.79
1000 1040 39.25
1112 1153 43.66
454 455 17.79
546 587 21.44
1180 1220 46.31
97 138 3.81
332 372 13.02
221 262 8.68
1233 1234 48.38
622 661 24.40
996 1035 39.09
824 865 32.35
1411 1451 55.37
138 179 5.42
1285 1326 50.43
753 793 29.56
757 798 29.73
671 712 26.35
681 682 26.70
208 249 8.16
1293 1333 50.74
1308 1309 51.32
609 648 23.88
1001 1042 39.28
172 173 6.72
1051 1092 41.25
22 61 0.85
986 1027 38.71
392 431 15.38
504 505 19.76
105 144 4.11
739 780 29.01
473 514 18.58
157 197 6.17
269 309 10.56
988 1029 38.79
1035 1075 40.63
1487 1526 58.34
1234 1235 48.42
434 435 17.02
573 613 22.48
1588 1589 61.51
207 247 8.11
899 900 35.26
627 628 24.59
1451 1452 56.92
510 550 20.02
1183 1184 46.41
781 782 30.63
401 402 15.71
1537 1538 60.30
32 33 1.24
201 242 7.88
1558 1598 61.16
820 859 32.17
926 967 36.34
1002 1042 39.31
292 333 11.46
40 79 1.56
539 580 21.16
419 420 16.42
605 606 23.71
137 176 5.36
1282 1321 50.29
161 201 6.30
1408 1449 55.26
1372 1412 53.84
1412 1413 55.39
1352 1353 53.05
700 741 27.48
178 179 6.96
590 630 23.16
47 88 1.84
1166 1167 45.73
365 405 14.31
1094 1134 42.93
939 940 36.83
1212 1252 47.56
927 928 36.35
1090 1130 42.77
1583 1584 61.46
1259 1299 49.41
463 464 18.15
1486 1525 58.30
1141 1182 44.79
471 511 18.49
88 129 3.45
666 706 26.14
1006 1045 39.46
176 216 6.90
832 833 32.64
602 643 23.62
703 744 27.60
155 196 6.10
1286 1287 50.44
13 52 0.49
1579 1580 61.42
1153 1192 45.25
749 789 29.40
651 652 25.52
129 169 5.05
1065 1104 41.79
499 538 19.57
1159 1200 45.51
372 413 14.60
897 936 35.19
175 214 6.85
466 467 18.27
236 276 9.27
1385 1386 54.34
1205 1246 47.29
151 192 5.94
72 112 2.83
1521 1522 59.67
1003 1043 39.35
460 501 18.06
796 837 31.26
1559 1598 61.19
1178 1179 46.21
710 711 27.85
1022 1023 40.09
138 178 5.41
154 155 6.03
249 290 9.77
1554 1555 60.98
548 589 21.52
775 815 30.41
105 106 4.10
572 613 22.45
624 664 24.49
363 364 14.21
1155 1194 45.33
849 889 33.31
1155 1156 45.32
927 967 36.37
1384 1425 54.33
948 949 37.19
1431 1471 56.17
451 452 17.67
140 141 5.47
692 731 27.14
1263 1302 49.56
240 279 9.41
270 311 10.61
993 1034 38.99
467 506 18.32
1366 1367 53.58
350 389 13.73
70 109 2.74
1002 1043 39.32
1064 1104 41.76
1189 1230 46.68
1007 1008 39.49
1458 1499 57.23
993 1033 38.98
316 357 12.42
716 756 28.11
1383 1424 54.29
1552 1593 60.93
1474 1513 57.85
1483 1484 58.17
1389 1428 54.51
492 493 19.28
524 565 20.56
298 337 11.68
1092 1131 42.84
1569 1570 61.32
134 175 5.26
994 995 39.00
1250 1251 49.03
323 364 12.67
645 685 25.30
355 394 13.93
194 234 7.62
234 235 9.17
533 573 20.91
443 482 17.36
327 367 12.82
1471 1511 57.74
1290 1291 50.60
310 350 12.17
510 551 20.03
1252 1253 49.11
426 466 16.72
916 956 35.96
714 755 28.04
1268 1269 49.75
396 435 15.54
165 206 6.47
1153 1194 45.27
1549 1590 60.81
1297 1336 50.89
356 395 13.97
696 737 27.32
483 524 18.95
1096 1097 42.99
1339 1340 52.53
930 970 36.49
754 794 29.60
187 228 7.35
39 40 1.52
446 487 17.50
1019 1020 39.97
1542 1543 60.50
1120 1160 43.96
418 457 16.39
943 984 37.02
1493 1533 58.59
750 791 29.45
631 670 24.76
199 200 7.80
1174 1215 46.08
336 375 13.17
210 249 8.22
463 503 18.17
410 450 16.08
571 572 22.38
892 932 35.00
250 290 9.80
794 835 31.18
144 145 5.63
1151 1152 45.16
648 687 25.41
1390 1431 54.57
30 31 1.16
1281 1282 50.25
991 1030 38.89
321 322 12.57
998 1037 39.17
1294 1334 50.78
693 734 27.20
690 691 27.05
1024 1065 40.20
558 559 21.89
698 738 27.39
496 535 19.45
1335 1376 52.40
173 213 6.78
625 665 24.53
266 306 10.44
1141 1181 44.78
1156 1195 45.37
616 657 24.18
696 697 27.29
1486 1487 58.29
1460 1461 57.28
252 293 9.89
659 660 25.84
37 76 1.45
1082 1122 42.45
466 505 18.28
1237 1278 48.57
1005 1046 39.44
1426 1467 55.98
274 315 10.77
712 752 27.95
163 203 6.38
256 297 10.05
52 92 2.03
283 324 11.10
1538 1579 60.37
1054 1093 41.35
760 799 29.82
402 442 15.76
1464 1504 57.46
1182 1223 46.40
1539 1579 60.40
1079 1120 42.37
522 561 20.46
612 652 24.01
931 932 36.51
556 596 21.83
592 593 23.22
765 766 29.99
119 160 4.69
1323 1363 51.91
1186 1227 46.56
33 73 1.30
1078 1119 42.33
1267 1308 49.74
147 148 5.75
88 89 3.42
1371 1411 53.80
969 1009 38.02
757 797 29.72
1055 1096 41.41
254 294 9.96
324 325 12.68
1351 1392 53.04
1387 1428 54.45
1274 1275 49.99
409 450 16.05
445 446 17.43
977 978 38.32
343 384 13.47
407 447 15.96
22 23 0.84
1534 1535 60.18
1046 1047 41.02
726 765 28.47
784 823 30.76
362 402 14.19
362 363 14.17
783 822 30.72
1108 1149 43.50
1537 1578 60.33
315 356 12.38
1105 1146 43.38
770 811 30.22
672 713 26.39
367 407 14.39
1073 1113 42.12
280 319 10.98
300 341 11.78
771 772 30.23
402 441 15.75
758 797 29.75
113 152 4.43
1377 1417 54.04
1412 1451 55.40
1409 1410 55.27
856 895 33.58
921 961 36.13
1204 1243 47.23
669 670 26.24
1263 1304 49.58
442 482 17.33
1173 1214 46.04
1131 1172 44.39
28 69 1.11
622 663 24.42
1099 1140 43.14
530 570 20.79
1049 1090 41.17
150 190 5.89
910 949 35.71
1246 1286 48.89
426 465 16.71
788 828 30.93
1172 1212 45.99
747 748 29.30
1495 1535 58.67
879 880 34.49
1222 1261 47.95
459 500 18.02
1132 1133 44.40
1316 1317 51.64
786 827 30.86
317 318 12.43
382 423 15.00
584 624 22.92
966 1005 37.89
734 735 28.78
1519 1558 59.62
1158 1197 45.45
10 51 0.39
1419 1458 55.68
470 511 18.46
379 420 14.88
612 613 23.99
113 154 4.45
164 165 6.40
262 302 10.28
306 307 11.99
457 496 17.92
1252 1292 49.13
1447 1486 56.77
690 731 27.08
811 852 31.83
493 533 19.34
962 1001 37.73
1445 1486 56.71
470 509 18.44
391 430 15.34
1013 1014 39.73
1487 1528 58.36
1068 1109 41.93
208 247 8.14
81 82 3.15
1501 1502 58.89
79 119 3.11
139 180 5.46
1348 1349 52.89
396 436 15.55
792 833 31.10
1314 1354 51.58
1592 1593 61.55
1014 1053 39.78
1033 1073 40.55
1070 1109 41.99
1055 1094 41.39
1484 1525 58.24
1141 1180 44.77
522 563 20.48
1006 1047 39.48
1596 1597 61.59
248 287 9.71
1416 1417 55.55
529 568 20.74
1531 1532 60.06
913 953 35.84
585 626 22.97
64 104 2.51
214 215 8.37
237 277 9.31
156 157 6.11
339 379 13.30
323 362 12.65
673 713 26.42
1121 1161 43.98
39 79 1.54
909 948 35.67
508 547 19.93
1086 1126 42.61
1121 1122 43.97
542 581 21.26
31 32 1.20
1353 1392 53.10
643 683 25.22
662 701 25.97
947 986 37.16
1336 1377 52.44
408 448 16.00
470 510 18.45
642 682 25.18
1222 1223 47.94
879 920 34.52
352 393 13.83
476 515 18.68
744 745 29.18
1556 1597 61.09
1529 1568 59.99
366 405 14.34
396 437 15.56
666 667 26.12
1423 1463 55.85
762 763 29.87
630 670 24.73
46 87 1.80
590 629 23.15
1508 1547 59.18
272 312 10.68
771 812 30.26
291 330 11.40
692 693 27.13
295 335 11.57
303 304 11.87
956 995 37.52
1113 1152 43.68
870 910 34.15
346 385 13.57
1378 1379 54.06
1345 1386 52.80
776 817 30.46
791 831 31.05
1525 1526 59.82
1223 1262 47.99
806 807 31.60
871 872 34.17
665 706 26.11
694 733 27.22
761 801 29.85
1380 1419 54.15
60 100 2.35
561 562 21.99
1143 1182 44.85
1191 1232 46.76
272 273 10.66
291 331 11.41
587 588 23.02
1068 1107 41.91
57 98 2.24
1161 1162 45.54
778 817 30.52
431 432 16.90
75 114 2.94
406 407 15.90
1278 1319 50.18
542 543 21.25
1548 1588 60.76
307 308 12.03
325 364 12.73
1251 1290 49.08
331 372 12.99
675 716 26.51
1135 1136 44.52
1389 1430 54.53
135 174 5.28
104 145 4.09
97 98 3.78
1390 1430 54.56
507 508 19.88
673 674 26.40
531 532 20.81
97 136 3.79
1174 1175 46.05
526 566 20.63
623 663 24.45
583 623 22.88
1397 1437 54.84
526 567 20.64
1394 1434 54.72
813 814 31.88
479 519 18.81
817 818 32.04
397 438 15.60
312 313 12.23
481 482 18.85
904 945 35.49
1595 1596 61.58
1188 1189 46.61
166 207 6.51
799 840 31.38
1471 1510 57.73
1563 1564 61.26
887 927 34.80
858 899 33.68
843 882 33.06
351 392 13.79
393 394 15.41
1292 1333 50.71
692 732 27.15
315 355 12.37
631 632 24.75
1489 1530 58.44
417 456 16.35
1070 1110 42.00
424 425 16.62
1520 1559 59.65
1023 1064 40.16
1030 1070 40.43
117 158 4.61
868 869 34.05
280 320 10.99
1314 1353 51.57
1453 1454 57.00
1298 1337 50.93
322 361 12.61
261 302 10.25
604 645 23.70
1103 1142 43.28
674 675 26.44
502 543 19.71
508 549 19.95
1213 1214 47.58
1111 1151 43.61
1102 1103 43.23
586 627 23.01
1220 1221 47.86
1236 1275 48.51
777 817 30.49
414 454 16.24
906 907 35.54
554 594 21.75
1287 1328 50.51
1568 1569 61.31
1129 1169 44.30
726 766 28.48
60 101 2.36
751 792 29.49
1229 1269 48.24
1386 1426 54.40
802 841 31.45
871 911 34.19
742 781 29.11
1554 1595 61.01
487 528 19.11
1415 1455 55.53
4 5 0.12
1093 1132 42.88
1295 1335 50.82
1460 1501 57.31
96 137 3.77
1360 1399 53.37
217 257 8.51
173 174 6.76
613 654 24.06
829 869 32.54
935 936 36.67
926 966 36.33
1209 1249 47.44
178 218 6.98
1194 1235 46.88
1164 1204 45.67
189 229 7.42
195 235 7.66
1509 1510 59.21
617 657 24.21
1518 1557 59.58
1076 1117 42.25
5 46 0.19
1227 1268 48.17
1504 1505 59.01
465 506 18.26
658 697 25.81
476 516 18.69
263 302 10.31
1365 1405 53.56
87 128 3.41
508 548 19.94
1048 1088 41.12
156 196 6.13
880 919 34.53
1140 1180 44.74
1029 1068 40.38
1450 1489 56.89
1139 1140 44.68
255 295 10.00
558 599 21.92
178 217 6.97
729 768 28.59
1468 1509 57.63
107 148 4.21
544 545 21.33
236 277 9.28
273 274 10.70
532 572 20.87
1114 1155 43.74
657 697 25.78
1245 1284 48.84
35 75 1.38
321 361 12.58
1081 1122 42.42
938 939 36.79
476 517 18.70
846 887 33.20
1123 1164 44.07
519 560 20.39
443 444 17.35
47 48 1.81
1501 1541 58.91
1319 1359 51.78
946 985 37.12
271 312 10.65
413 453 16.20
801 841 31.42
809 810 31.72
961 962 37.69
474 475 18.59
978 979 38.36
1249 1289 49.01
1234 1273 48.43
198 238 7.78
180 220 7.06
1363 1403 53.48
731 772 28.69
1413 1453 55.45
283 284 11.07
472 512 18.53
790 829 31.00
1212 1251 47.55
1437 1478 56.42
437 478 17.17
1523 1564 59.77
431 471 16.92
1427 1466 56.00
544 585 21.36
13 54 0.51
1114 1154 43.73
925 926 36.27
450 491 17.66
736 775 28.87
347 386 13.61
116 155 4.55
179 219 7.02
1096 1137 43.02
1478 1518 58.02
536 575 21.02
1540 1579 60.43
913 954 35.85
99 138 3.87
1218 1219 47.78
627 668 24.62
325 366 12.75
894 933 35.07
1420 1421 55.71
1422 1423 55.79
286 325 11.20
1278 1317 50.16
584 623 22.91
1401 1442 54.98
891 892 34.94
984 1023 38.61
34 74 1.34
893 932 35.03
556 557 21.81
1290 1329 50.61
1381 1382 54.18
248 289 9.73
2 41 0.05
1110 1149 43.56
984 1025 38.63
262 263 10.26
633 634 24.83
384 385 15.05
639 679 25.09
1404 1443 55.08
459 498 18.00
1368 1408 53.68
394 433 15.46
89 129 3.48
461 502 18.10
741 781 29.08
647 688 25.39
137 138 5.35
1059 1060 41.54
1508 1509 59.17
788 829 30.94
417 457 16.36
1384 1424 54.32
1265 1306 49.66
881 922 34.57
1429 1430 56.07
1586 1587 61.49
278 319 10.93
41 82 1.60
23 62 0.89
1235 1274 48.47
1440 1480 56.52
1179 1180 46.25
418 419 16.38
109 150 4.29
935 975 36.69
1169 1210 45.88
766 807 30.06
705 745 27.67
1295 1296 50.80
57 96 2.22
1197 1237 46.99
1008 1049 39.56
831 832 32.60
1486 1527 58.32
1412 1452 55.41
1027 1067 40.31
367 408 14.40
359 400 14.11
1438 1479 56.46
1182 1183 46.37
711 751 27.91
1219 1259 47.84
123 124 4.79
557 596 21.86
609 649 23.89
1272 1273 49.91
1445 1446 56.68
818 858 32.10
174 215 6.83
1372 1373 53.82
818 857 32.09
855 895 33.55
1493 1534 58.60
152 193 5.98
1446 1486 56.74
1026 1067 40.28
852 892 33.43
630 669 24.72
766 806 30.05
1293 1332 50.73
629 668 24.68
1547 1586 60.71
1495 1534 58.66
1532 1533 60.10
1429 1470 56.10
177 216 6.93
36 77 1.43
426 427 16.70
102 142 4.00
1241 1242 48.68
907 948 35.61
850 851 33.33
911 950 35.75
1204 1245 47.25
1127 1128 44.20
1277 1316 50.12
245 286 9.61
1428 1467 56.04
386 425 15.14
134 174 5.25
71 111 2.79
1142 1183 44.83
1394 1433 54.71
950 989 37.28
728 729 28.54
908 909 35.62
794 795 31.15
1533 1574 60.17
944 984 37.05
74 114 2.91
48 89 1.88
12 52 0.46
1420 1461 55.74
277 318 10.89
165 166 6.44
913 952 35.83
1351 1390 53.02
974 1015 38.23
518 558 20.34
788 827 30.92
1499 1540 58.84
161 202 6.31
1391 1432 54.61
1513 1514 59.37
526 527 20.61
540 580 21.19
602 603 23.59
1422 1462 55.81
293 332 11.48
1584 1585 61.47
1119 1159 43.93
578 617 22.67
205 246 8.04
1302 1341 51.09
505 544 19.81
1177 1178 46.17
229 230 8.97
464 503 18.20
755 756 29.62
357 358 14.00
930 931 36.47
1257 1296 49.32
521 562 20.44
274 313 10.75
1296 1297 50.84
561 602 22.01
827 868 32.47
705 744 27.66
288 289 11.27
822 823 32.24
1408 1409 55.23
1539 1540 60.38
1317 1318 51.68
1205 1244 47.27
174 214 6.82
783 824 30.74
222 263 8.72
1056 1057 41.42
166 167 6.48
625 626 24.51
820 821 32.16
23 63 0.90
244 245 9.54
326 366 12.78
568 609 22.29
1194 1233 46.86
1362 1363 53.42
969 970 38.00
1010 1050 39.63
13 14 0.48
91 92 3.54
1004 1005 39.37
1359 1400 53.36
188 228 7.38
428 467 16.79
498 537 19.53
235 276 9.24
1405 1445 55.13
567 607 22.24
296 337 11.62
1371 1372 53.78
378 419 14.84
973 1014 38.19
1042 1081 40.87
595 596 23.34
1414 1454 55.49
926 927 36.31
1261 1301 49.49
373 413 14.63
1337 1338 52.45
42 82 1.63
833 874 32.71
710 751 27.88
427 468 16.77
114 153 4.47
793 832 31.12
511 550 20.05
108 149 4.25
651 691 25.54
823 862 32.29
1340 1379 52.58
18 57 0.69
335 375 13.14
435 475 17.08
386 426 15.15
1550 1591 60.85
1026 1065 40.26
204 244 7.99
1207 1246 47.35
383 422 15.02
583 622 22.87
537 577 21.07
1353 1354 53.09
863 902 33.86
1260 1261 49.43
1456 1497 57.15
676 677 26.52
96 97 3.74
433 473 17.00
849 850 33.29
190 229 7.45
480 520 18.84
552 591 21.66
243 284 9.53
79 80 3.09
94 134 3.68
654 655 25.64
1474 1515 57.87
228 267 8.94
322 362 12.62
89 128 3.47
1057 1097 41.48
1154 1193 45.29
840 880 32.97
1492 1532 58.55
1212 1253 47.57
1455 1495 57.10
882 923 34.61
1089 1128 42.72
1129 1170 44.31
915 955 35.92
928 969 36.42
370 409 14.50
1458 1497 57.21
340 341 13.32
1556 1557 61.06
1154 1195 45.31
283 323 11.09
562 603 22.05
550 589 21.58
1385 1425 54.36
215 216 8.41
400 440 15.70
1479 1520 58.07
308 347 12.08
1038 1077 40.74
444 484 17.41
711 750 27.90
832 871 32.65
977 1016 38.33
830 871 32.59
946 947 37.11
739 740 28.98
246 247 9.62
646 687 25.35
1304 1345 51.19
753 754 29.54
1381 1420 54.19
90 91 3.50
891 931 34.96
656 695 25.73
744 783 29.19
1337 1376 52.46
449 490 17.62
916 917 35.94
1079 1080 42.34
536 537 21.01
408 447 15.99
983 984 38.56
876 917 34.40
631 672 24.78
1308 1348 51.34
868 908 34.07
779 820 30.58
189 190 7.40
1211 1251 47.52
1061 1100 41.63
136 177 5.34
989 990 38.80
997 998 39.12
1437 1477 56.41
1496 1497 58.69
1347 1388 52.88
1451 1491 56.94
1460 1499 57.29
779 819 30.57
842 882 33.03
1196 1237 46.96
1292 1332 50.70
492 533 19.31
148 187 5.80
722 762 28.32
1084 1085 42.51
301 302 11.79
1001 1002 39.26
1260 1299 49.44
59 99 2.31
1370 1411 53.77
431 470 16.91
1427 1468 56.02
1409 1449 55.29
304 345 11.94
1485 1525 58.27
225 264 8.82
887 928 34.81
1502 1543 58.96
1231 1232 48.30
1523 1524 59.74
604 605 23.67
600 640 23.55
1219 1258 47.83
3 42 0.09
1132 1171 44.41
976 1016 38.30
1320 1359 51.80
454 495 17.82
1048 1089 41.13
570 610 22.36
1430 1469 56.12
825 865 32.38
922 961 36.16
317 356 12.44
1013 1054 39.76
967 968 37.92
1150 1190 45.14
666 705 26.13
109 110 4.26
374 415 14.68
611 650 23.96
1315 1354 51.61
72 73 2.81
814 815 31.92
493 534 19.35
94 135 3.69
937 978 36.78
1498 1537 58.78
500 539 19.61
163 204 6.39
284 323 11.12
1436 1437 56.35
1289 1290 50.56
1051 1090 41.23
661 702 25.95
1113 1154 43.70
664 665 26.04
1370 1409 53.75
385 426 15.12
563 603 22.08
1040 1080 40.82
599 639 23.52
295 336 11.58
919 958 36.07
996 997 39.08
793 833 31.13
1376 1416 54.00
1530 1569 60.03
1374 1415 53.93
1351 1391 53.03
1385 1426 54.37
645 686 25.31
848 887 33.26
1201 1202 47.11
813 852 31.89
1001 1041 39.27
94 95 3.66
1467 1506 57.57
163 202 6.37
495 535 19.42
711 712 27.89
725 726 28.42
743 783 29.16
1356 1395 53.22
686 727 26.92
1054 1095 41.37
398 399 15.61
727 767 28.52
1048 1049 41.10
615 656 24.14
57 97 2.23
557 558 21.85
4 44 0.14
734 774 28.80
342 381 13.41
565 606 22.17
1404 1444 55.09
51 52 1.97
30 70 1.18
878 917 34.46
1253 1294 49.18
642 681 25.17
1072 1073 42.06
638 677 25.04
1589 1590 61.52
1398 1399 54.86
1056 1095 41.43
1514 1555 59.44
1441 1481 56.54
933 972 36.60
677 718 26.59
365 406 14.32
205 206 8.01
620 621 24.31
1546 1585 60.67
114 115 4.46
82 83 3.18
810 850 31.78
289 290 11.31
1418 1458 55.65
888 927 34.83
1245 1285 48.85
811 812 31.80
1443 1444 56.60
34 73 1.33
116 117 4.54
1561 1562 61.24
1367 1368 53.62
330 371 12.95
594 635 23.33
340 379 13.33
314 353 12.32
196 235 7.69
941 982 36.94
795 835 31.21
1328 1369 52.12
1082 1083 42.43
327 328 12.80
1547 1587 60.72
273 312 10.71
1168 1169 45.81
463 502 18.16
1271 1312 49.90
1302 1342 51.10
1202 1242 47.16
891 930 34.95
256 295 10.03
591 592 23.18
103 142 4.03
7 47 0.26
1500 1539 58.86
954 994 37.45
135 175 5.29
1098 1137 43.08
776 815 30.44
1444 1483 56.65
11 51 0.42
1244 1285 48.82
359 399 14.10
721 761 28.28
1433 1434 56.23
736 777 28.89
230 231 9.01
28 68 1.10
838 878 32.90
1297 1338 50.91
125 164 4.88
1023 1063 40.15
145 184 5.68
810 811 31.76
7 46 0.25
1014 1015 39.77
795 834 31.20
246 285 9.63
106 147 4.17
853 894 33.48
613 653 24.05
1334 1374 52.35
1512 1552 59.35
1270 1271 49.83
883 923 34.64
705 746 27.68
573 574 22.46
635 636 24.91
861 862 33.77
798 838 31.33
573 614 22.49
810 849 31.77
952 953 37.35
1324 1363 51.94
554 595 21.76
1296 1335 50.85
857 896 33.62
1027 1066 40.30
114 154 4.48
1448 1488 56.82
1302 1343 51.11
1484 1524 58.23
52 91 2.02
763 802 29.92
864 905 33.92
796 797 31.23
904 943 35.47
533 572 20.90
275 276 10.78
831 871 32.62
1013 1053 39.75
1555 1596 61.05
653 654 25.60
970 971 38.04
427 428 16.74
543 584 21.32
658 698 25.82
1510 1551 59.28
1303 1342 51.13
296 335 11.60
1303 1344 51.15
791 830 31.04
1500 1541 58.88
489 490 19.16
219 260 8.60
1175 1214 46.10
304 343 11.92
85 124 3.31
530 569 20.78
975 976 38.24
989 1030 38.83
337 377 13.22
1363 1402 53.47
621 660 24.36
1176 1215 46.14
947 987 37.17
1439 1479 56.49
1347 1348 52.85
1476 1517 57.95
581 622 22.81
660 700 25.90
1330 1370 52.19
650 689 25.49
787 828 30.90
1040 1079 40.81
924 925 36.23
468 507 18.36
347 388 13.63
634 674 24.89
941 942 36.91
469 509 18.41
311 351 12.21
297 338 11.66
329 370 12.91
953 993 37.41
647 648 25.36
1401 1402 54.96
29 30 1.12
528 529 20.69
392 432 15.39
819 859 32.14
370 410 14.51
441 481 17.29
785 786 30.79
718 719 28.17
338 378 13.26
1354 1393 53.14
811 850 31.81
1559 1560 61.18
370 371 14.49
1328 1368 52.11
425 464 16.67
1291 1331 50.66
730 770 28.64
1184 1223 46.46
389 430 15.28
759 760 29.78
745 784 29.23
244 284 9.56
552 593 21.68
1438 1478 56.45
217 256 8.50
119 159 4.68
1250 1289 49.04
1178 1219 46.24
19 59 0.74
1156 1197 45.39
1431 1432 56.15
1351 1352 53.01
450 451 17.63
742 743 29.10
44 83 1.70
1165 1166 45.69
975 1015 38.26
843 844 33.05
1004 1043 39.38
756 757 29.66
718 759 28.20
1223 1264 48.01
458 499 17.98
749 788 29.39
1312 1313 51.48
429 430 16.82
1385 1424 54.35
88 128 3.44
1326 1367 52.04
1445 1484 56.69
465 505 18.25
928 967 36.40
809 848 31.73
294 335 11.54
1354 1355 53.13
923 964 36.22
1173 1213 46.03
1398 1438 54.88
700 701 27.45
1275 1315 50.05
218 258 8.55
1505 1506 59.05
172 212 6.74
147 188 5.78
1435 1475 56.33
1419 1420 55.67
730 771 28.65
61 62 2.37
752 791 29.51
1208 1247 47.39
275 315 10.80
1227 1228 48.14
315 316 12.35
1276 1316 50.09
303 342 11.88
1006 1046 39.47
96 135 3.75
1146 1186 44.98
866 905 33.98
542 582 21.27
386 427 15.16
593 633 23.28
265 304 10.39
1066 1107 41.85
1215 1255 47.68
667 706 26.17
821 860 32.21
111 152 4.37
1197 1238 47.00
767 768 30.07
440 479 17.26
663 702 26.01
1409 1450 55.30
403 444 15.81
1402 1442 55.01
1487 1488 58.33
405 446 15.89
483 522 18.93
1286 1327 50.47
507 548 19.91
131 132 5.11
1139 1180 44.71
614 654 24.09
895 935 35.12
1124 1163 44.09
1028 1069 40.36
243 282 9.51
703 704 27.57
290 330 11.37
1065 1066 41.78
990 1030 38.86
29 69 1.14
1073 1112 42.11
181 182 7.08
461 501 18.09
527 528 20.65
1242 1281 48.72
1434 1435 56.27
701 742 27.52
100 139 3.91
278 317 10.91
185 225 7.26
1389 1390 54.50
435 436 17.06
509 548 19.97
1003 1044 39.36
426 467 16.73
117 118 4.58
826 866 32.42
1071 1112 42.05
410 449 16.07
173 214 6.79
516 557 20.27
864 903 33.90
457 498 17.94
934 975 36.66
344 384 13.50
218 259 8.56
631 671 24.77
940 980 36.89
616 617 24.15
799 838 31.36
1516 1557 59.52
1478 1519 58.03
357 397 14.02
688 689 26.97
1407 1446 55.20
1029 1070 40.40
6 45 0.21
1295 1334 50.81
44 85 1.72
173 212 6.77
1168 1207 45.82
670 711 26.31
1305 1345 51.22
82 122 3.20
969 1008 38.01
25 26 0.96
527 566 20.66
974 975 38.20
506 546 19.86
1277 1318 50.14
158 199 6.22
996 1037 39.11
1400 1440 54.95
231 232 9.05
66 106 2.59
1597 1598 61.60
461 462 18.07
1214 1253 47.63
1175 1216 46.12
274 275 10.74
160 200 6.28
968 969 37.96
923 962 36.20
672 711 26.37
817 857 32.06
640 679 25.11
610 650 23.93
1528 1567 59.95
778 818 30.53
1190 1229 46.70
978 1019 38.39
1085 1125 42.57
1060 1061 41.58
847 848 33.21
1017 1057 39.91
261 262 10.22
1585 1586 61.48
77 116 3.02
311 312 12.19
19 58 0.73
155 156 6.07
118 159 4.65
1482 1522 58.15
700 739 27.46
577 616 22.63
724 764 28.40
931 970 36.52
1034 1073 40.58
1442 1443 56.56
1202 1243 47.17
1433 1473 56.25
1327 1367 52.07
731 771 28.68
794 833 31.16
1038 1078 40.75
23 64 0.91
59 98 2.30
1267 1268 49.71
695 734 27.26
43 83 1.67
1232 1271 48.35
250 251 9.78
1128 1167 44.25
156 197 6.14
1449 1489 56.86
1377 1378 54.02
477 518 18.74
1338 1377 52.50
1394 1435 54.73
12 51 0.45
9 49 0.34
1490 1531 58.48
291 332 11.42
65 106 2.56
347 387 13.62
344 385 13.51
944 985 37.06
1329 1369 52.15
130 170 5.09
83 124 3.25
508 509 19.92
918 959 36.05
529 530 20.73
1205 1206 47.26
14 15 0.52
442 481 17.32
1349 1350 52.93
586 625 22.99
1105 1144 43.36
235 236 9.21
1130 1171 44.35
575 615 22.56
925 964 36.28
1274 1315 50.02
837 878 32.87
1525 1566 59.85
1491 1530 58.50
1505 1546 59.08
1430 1471 56.14
1338 1339 52.49
1016 1056 39.87
56 95 2.18
1116 1117 43.79
825 864 32.37
90 129 3.51
1294 1335 50.79
187 188 7.32
1112 1151 43.64
446 447 17.47
101 140 3.95
854 894 33.51
1183 1222 46.42
703 743 27.59
947 948 37.15
1215 1254 47.67
1072 1112 42.08
1138 1178 44.66
1139 1179 44.70
148 149 5.79
812 813 31.84
1417 1458 55.62
873 912 34.26
138 177 5.40
791 832 31.06
827 867 32.46
1284 1323 50.37
912 953 35.81
1226 1267 48.13
418 458 16.40
736 776 28.88
717 757 28.15
1360 1400 53.38
1171 1211 45.95
56 97 2.20
837 876 32.85
1216 1255 47.71
1521 1562 59.69
27 68 1.07
558 598 21.91
314 354 12.33
76 116 2.99
1433 1474 56.26
671 711 26.34
675 714 26.49
769 770 30.15
869 908 34.10
950 951 37.27
204 205 7.97
526 565 20.62
1502 1503 58.93
1087 1127 42.65
602 641 23.60
1142 1182 44.82
632 671 24.80
1476 1516 57.94
216 255 8.46
230 270 9.03
371 410 14.54
28 29 1.08
1410 1411 55.31
941 981 36.93
1180 1221 46.32
1370 1410 53.76
40 80 1.57
812 851 31.85
941 980 36.92
354 393 13.89
746 785 29.27
1019 1060 40.00
545 546 21.37
154 195 6.06
63 103 2.47
1177 1218 46.20
473 512 18.56
1156 1196 45.38
832 873 32.67
1281 1321 50.26
1118 1158 43.89
709 748 27.82
1170 1171 45.89
1505 1545 59.07
889 890 34.86
667 707 26.18
223 262 8.74
279 320 10.97
416 417 16.30
1368 1407 53.67
1432 1472 56.21
264 305 10.37
1157 1158 45.40
888 928 34.84
293 334 11.50
1111 1150 43.60
914 953 35.87
572 573 22.42
969 1010 38.03
341 380 13.37
303 344 11.90
924 964 36.25
1304 1343 51.17
1526 1566 59.88
1431 1470 56.16
595 634 23.35
786 825 30.84
1342 1381 52.66
1078 1079 42.30
182 221 7.13
448 487 17.56
229 268 8.98
191 230 7.49
734 775 28.81
1095 1136 42.98
1145 1186 44.95
1183 1224 46.44
871 910 34.18
1257 1297 49.33
1446 1485 56.73
1186 1187 46.53
288 328 11.29
687 688 26.93
701 702 27.49
233 273 9.15
1262 1301 49.52
630 631 24.71
1364 1403 53.51
903 942 35.43
1164 1165 45.65
1318 1359 51.75
26 67 1.03
342 383 13.43
531 571 20.83
344 383 13.49
737 738 28.90
242 281 9.47
540 541 21.17
181 222 7.11
1207 1247 47.36
553 593 21.71
812 853 31.87
101 102 3.94
286 327 11.22
86 127 3.37
574 615 22.53
845 885 33.15
1 41 0.02
183 222 7.17
100 140 3.92
925 966 36.30
548 549 21.49
1106 1107 43.39
592 632 23.24
1097 1098 43.03
145 185 5.69
187 226 7.33
957 998 37.58
22 62 0.86
1065 1105 41.80
242 283 9.49
68 109 2.68
1550 1551 60.82
1497 1536 58.74
1479 1518 58.05
1421 1461 55.77
1248 1287 48.96
47 86 1.82
170 171 6.64
965 1006 37.87
1405 1446 55.14
371 372 14.53
962 963 37.72
872 912 34.23
886 927 34.77
1174 1214 46.07
802 843 31.47
1383 1422 54.27
845 886 33.16
211 251 8.27
862 901 33.82
1086 1125 42.60
1392 1433 54.65
1430 1470 56.13
786 826 30.85
265 306 10.41
1007 1046 39.50
89 90 3.46
225 226 8.81
1342 1383 52.68
1 42 0.03
468 508 18.37
24 64 0.94
195 196 7.64
63 64 2.45
800 840 31.40
1510 1511 59.25
14 55 0.55
488 528 19.14
678 719 26.63
137 177 5.37
972 1011 38.13
702 741 27.54
306 347 12.02
490 531 19.23
858 898 33.67
981 1020 38.49
18 58 0.70
1448 1489 56.83
457 458 17.91
716 717 28.09
103 144 4.05
939 978 36.84
1255 1296 49.26
732 771 28.71
1181 1221 46.35
1548 1549 60.74
368 369 14.41
393 432 15.42
914 955 35.89
1127 1166 44.21
1170 1211 45.92
1218 1259 47.81
814 853 31.93
168 207 6.57
1144 1145 44.88
233 274 9.16
844 845 33.09
1334 1375 52.36
965 966 37.84
1160 1200 45.53
69 110 2.72
408 449 16.01
260 300 10.20
603 643 23.65
265 266 10.38
621 661 24.37
1508 1548 59.19
803 844 31.51
1036 1037 40.65
195 234 7.65
329 330 12.88
398 438 15.63
1425 1465 55.93
1527 1528 59.90
1560 1600 61.23
359 360 14.08
1535 1536 60.22
1082 1121 42.44
657 658 25.76
1497 1538 58.76
145 186 5.70
714 715 28.01
1318 1357 51.73
611 612 23.95
932 972 36.57
1111 1152 43.62
97 137 3.80
808 809 31.68
1482 1523 58.16
677 678 26.56
219 259 8.59
356 397 13.99
446 485 17.48
599 600 23.50
210 211 8.21
405 445 15.88
1209 1248 47.43
395 435 15.51
1052 1091 41.27
942 981 36.96
1035 1074 40.62
1063 1064 41.70
416 455 16.31
1350 1391 53.00
353 393 13.86
1405 1406 55.11
348 387 13.65
1417 1457 55.61
538 578 21.11
104 143 4.07
895 936 35.13
588 627 23.07
305 346 11.98
561 601 22.00
1215 1256 47.69
1336 1337 52.41
316 317 12.39
247 288 9.69
263 303 10.32
1002 1003 39.29
613 652 24.04
1109 1148 43.52
349 350 13.68
1146 1147 44.96
1367 1407 53.64
414 455 16.25
1300 1340 51.02
872 913 34.24
869 910 34.12
556 597 21.84
1343 1344 52.69
171 172 6.68
458 498 17.97
701 741 27.51
1459 1500 57.27
367 368 14.37
1349 1388 52.94
774 775 30.35
388 427 15.22
1331 1370 52.22
1201 1241 47.12
499 500 19.56
64 105 2.52
1135 1176 44.55
1074 1075 42.14
7 48 0.27
1053 1054 41.30
1341 1382 52.64
532 573 20.88
149 190 5.86
1368 1369 53.66
406 446 15.92
287 326 11.24
802 842 31.46
292 331 11.44
223 263 8.75
1197 1198 46.97
217 258 8.52
1289 1329 50.58
1165 1204 45.70
915 956 35.93
1148 1149 45.04
270 271 10.58
29 68 1.13
1487 1527 58.35
212 253 8.32
1194 1195 46.85
626 667 24.58
185 224 7.25
1533 1572 60.15
408 409 15.98
486 487 19.04
487 488 19.08
1512 1553 59.36
1125 1165 44.14
650 690 25.50
391 392 15.33
617 658 24.22
580 620 22.76
1523 1563 59.76
1593 1594 61.56
1461 1500 57.33
1231 1270 48.31
883 884 34.62
281 322 11.02
1284 1325 50.39
1272 1311 49.92
599 638 23.51
919 959 36.08
494 535 19.39
1273 1312 49.96
385 386 15.09
1529 1570 60.01
1357 1396 53.26
1387 1388 54.42
108 148 4.24
424 464 16.64
625 666 24.54
523 564 20.52
1032 1071 40.50
109 149 4.28
176 215 6.89
439 478 17.23
636 637 24.95
593 594 23.26
1211 1252 47.53
597 636 23.43
474 513 18.60
740 741 29.02
559 600 21.96
401 441 15.72
8 47 0.29
1403 1442 55.04
86 126 3.36
837 877 32.86
1504 1545 59.04
425 465 16.68
746 787 29.29
263 264 10.30
548 587 21.50
603 604 23.63
1092 1132 42.85
1424 1425 55.87
1150 1151 45.12
962 1003 37.75
618 658 24.25
171 212 6.71
267 268 10.46
799 800 31.35
1492 1533 58.56
970 1009 38.05
578 619 22.69
478 519 18.78
842 843 33.01
779 818 30.56
438 439 17.18
471 512 18.50
39 80 1.55
927 966 36.36
1220 1260 47.88
773 812 30.32
1346 1385 52.82
739 778 28.99
1396 1435 54.79
284 285 11.11
1152 1193 45.23
1149 1188 45.09
484 525 18.99
683 724 26.80
520 559 20.40
75 116 2.96
153 194 6.02
1302 1303 51.08
598 599 23.46
538 579 21.12
986 1026 38.70
1149 1190 45.11
243 283 9.52
1242 1243 48.71
715 755 28.07
174 175 6.80
248 249 9.70
596 636 23.40
1375 1414 53.95
998 999 39.16
1355 1395 53.19
48 88 1.87
1456 1457 57.12
507 547 19.90
1492 1531 58.54
1355 1356 53.17
831 870 32.61
296 297 11.59
241 282 9.45
805 845 31.58
1286 1326 50.46
1203 1242 47.19
1236 1277 48.53
22 63 0.87
55 94 2.14
1519 1560 59.64
721 722 28.27
949 950 37.23
43 84 1.68
1420 1459 55.72
773 814 30.34
264 303 10.35
712 753 27.96
1016 1057 39.88
811 851 31.82
1392 1431 54.63
1527 1568 59.93
886 887 34.74
596 635 23.39
908 948 35.64
199 240 7.83
124 163 4.84
751 790 29.47
845 884 33.14
1527 1567 59.92
496 537 19.47
1411 1452 55.38
74 115 2.92
768 769 30.11
1311 1351 51.46
1511 1551 59.31
712 713 27.93
1012 1051 39.70
970 1011 38.07
328 329 12.84
1117 1118 43.83
757 796 29.71
1241 1282 48.70
949 989 37.25
263 304 10.33
1163 1202 45.62
119 120 4.66
312 353 12.26
337 378 13.23
964 1004 37.82
1310 1349 51.41
623 624 24.43
1499 1538 58.82
965 1004 37.85
648 688 25.42
1021 1060 40.06
56 57 2.17
354 394 13.90
1237 1276 48.55
630 671 24.74
873 874 34.25
1362 1403 53.45
781 821 30.65
777 818 30.50
1507 1546 59.14
98 99 3.82
797 837 31.29
1410 1449 55.32
1475 1476 57.88
1145 1185 44.94
1270 1310 49.85
1343 1383 52.71
1429 1469 56.09
1514 1554 59.43
663 664 26.00
1251 1291 49.09
998 1039 39.19
1558 1599 61.17
1031 1070 40.46
1566 1567 61.29
259 300 10.17
430 471 16.89
609 610 23.87
1551 1591 60.88
1140 1141 44.72
605 645 23.73
1509 1548 59.22
1087 1128 42.66
820 861 32.19
1344 1385 52.76
618 657 24.24
1461 1501 57.34
884 924 34.68
1438 1439 56.43
693 732 27.18
1165 1205 45.71
1041 1081 40.84
782 823 30.70
1016 1055 39.86
1217 1218 47.74
143 184 5.62
1365 1366 53.54
1473 1513 57.82
1365 1404 53.55
1100 1141 43.18
158 198 6.21
975 1016 38.27
1412 1453 55.42
1069 1110 41.97
1291 1330 50.65
259 260 10.14
1052 1092 41.28
1173 1174 46.01
713 754 28.00
932 973 36.58
130 169 5.08
679 720 26.67
976 977 38.28
817 858 32.07
77 118 3.04
1366 1407 53.61
212 213 8.29
1481 1482 58.10
909 949 35.68
978 1017 38.37
839 840 32.92
1292 1331 50.69
267 306 10.47
1469 1510 57.67
1441 1442 56.53
772 773 30.27
1346 1386 52.83
1274 1314 50.01
549 550 21.53
140 181 5.50
694 735 27.24
1388 1427 54.47
719 720 28.21
1486 1526 58.31
162 163 6.32
289 328 11.32
876 877 34.37
433 434 16.98
546 586 21.43
371 412 14.56
276 316 10.84
1279 1319 50.21
384 423 15.06
1289 1328 50.57
1187 1228 46.60
522 562 20.47
1128 1129 44.24
1490 1530 58.47
321 362 12.59
260 301 10.21
1313 1354 51.55
1536 1577 60.29
16 55 0.61
591 630 23.19
159 199 6.25
1454 1495 57.07
1301 1302 51.04
1339 1379 52.55
1141 1142 44.76
719 758 28.22
559 560 21.93
1081 1082 42.40
1216 1256 47.72
139 179 5.45
1369 1409 53.72
991 1032 38.91
934 974 36.65
642 643 25.16
859 898 33.70
554 593 21.74
1187 1188 46.57
536 577 21.04
281 321 11.01
1429 1468 56.08
614 615 24.07
1517 1557 59.55
521 522 20.42
449 488 17.60
92 133 3.61
69 109 2.71
740 779 29.03
540 579 21.18
875 914 34.34
132 133 5.15
878 879 34.45
566 567 22.18
780 821 30.62
1556 1596 61.08
708 747 27.78
1426 1427 55.95
1462 1502 57.38
313 353 12.29
853 892 33.46
840 879 32.96
760 800 29.83
43 82 1.66
787 827 30.89
1324 1365 51.96
1336 1375 52.42
456 495 17.88
1493 1532 58.58
1444 1485 56.67
1176 1177 46.13
801 802 31.41
1103 1104 43.27
275 316 10.81
388 389 15.21
397 437 15.59
1535 1574 60.23
182 183 7.12
549 589 21.55
1102 1143 43.26
231 272 9.08
1142 1143 44.80
1252 1293 49.14
1409 1448 55.28
744 784 29.20
292 293 11.43
1219 1260 47.85
1124 1165 44.11
775 814 30.40
1017 1056 39.90
680 719 26.68
90 131 3.53
1005 1045 39.43
922 962 36.17
1499 1500 58.81
589 630 23.13
20 21 0.76
626 666 24.57
1476 1515 57.93
1041 1042 40.83
565 604 22.15
279 280 10.94
311 350 12.20
502 503 19.68
859 860 33.69
635 674 24.92
1511 1550 59.30
1379 1418 54.11
892 933 35.01
95 134 3.71
499 540 19.59
1365 1406 53.57
1502 1542 58.95
858 897 33.66
132 173 5.18
376 377 14.73
118 157 4.63
234 275 9.20
1298 1339 50.95
80 119 3.13
65 104 2.54
589 629 23.12
1239 1240 48.62
152 192 5.97
228 229 8.93
1279 1280 50.19
994 1035 39.03
33 74 1.31
823 824 32.28
1088 1089 42.67
580 619 22.75
197 237 7.74
1472 1511 57.77
505 545 19.82
17 18 0.64
1556 1595 61.07
855 894 33.54
722 723 28.30
1427 1428 55.99
1055 1095 41.40
368 407 14.42
557 598 21.88
284 325 11.14
704 743 27.62
945 946 37.07
1349 1390 52.96
129 170 5.06
1262 1263 49.51
1104 1143 43.32
500 540 19.62
1112 1113 43.63
909 910 35.66
857 897 33.63
1155 1195 45.34
1471 1512 57.75
717 756 28.14
1534 1573 60.19
692 733 27.16
946 986 37.13
490 491 19.20
1507 1547 59.15
824 864 32.34
614 653 24.08
1465 1506 57.51
1102 1141 43.24
1469 1509 57.66
529 569 20.75
1477 1517 57.98
1322 1363 51.88
1468 1469 57.60
75 115 2.95
530 571 20.80
1436 1477 56.38
412 413 16.14
927 968 36.38
1476 1477 57.92
1238 1239 48.58
392 393 15.37
1171 1210 45.94
1393 1432 54.67
1043 1082 40.91
1259 1260 49.39
202 241 7.90
617 618 24.19
1095 1096 42.95
803 804 31.48
1402 1443 55.02
722 761 28.31
15 55 0.58
1454 1494 57.06
1494 1533 58.62
1067 1106 41.87
535 576 21.00
1521 1561 59.68
1285 1286 50.40
569 610 22.33
606 645 23.76
724 765 28.41
194 235 7.63
301 342 11.82
488 489 19.12
1494 1495 58.61
383 424 15.04
582 583 22.82
979 1018 38.41
976 1017 38.31
1383 1423 54.28
204 245 8.00
608 609 23.83
281 282 11.00
1415 1416 55.51
190 191 7.44
1020 1021 40.01
945 985 37.09
345 386 13.55
1249 1250 48.99
1276 1315 50.08
257 258 10.06
1545 1584 60.63
805 846 31.59
1189 1229 46.67
1458 1459 57.20
75 76 2.93
1231 1272 48.33
1382 1422 54.24
420 461 16.49
270 309 10.59
1159 1198 45.49
1096 1135 43.00
510 549 20.01
264 265 10.34
953 994 37.42
364 405 14.28
208 209 8.13
143 182 5.60
1214 1215 47.62
1316 1357 51.67
1421 1460 55.76
130 131 5.07
939 980 36.86
999 1000 39.20
994 1034 39.02
1514 1515 59.41
1075 1115 42.20
571 612 22.41
1430 1431 56.11
767 807 30.09
158 197 6.20
636 677 24.98
59 60 2.29
1240 1279 48.66
511 551 20.06
253 294 9.93
485 524 19.01
1403 1444 55.06
773 813 30.33
1159 1160 45.48
77 78 3.01
752 792 29.52
1473 1512 57.81
576 577 22.58
1382 1423 54.25
455 495 17.85
932 933 36.55
1232 1273 48.37
1318 1358 51.74
651 692 25.55
125 165 4.89
415 455 16.28
720 760 28.26
422 461 16.55
1290 1330 50.62
729 770 28.61
27 28 1.04
1403 1404 55.03
1005 1044 39.42
15 54 0.57
200 239 7.84
242 243 9.46
915 954 35.91
1025 1065 40.23
1107 1146 43.44
1387 1427 54.44
1328 1367 52.10
1210 1249 47.47
735 774 28.83
564 605 22.13
1356 1357 53.21
1286 1325 50.45
115 155 4.52
987 988 38.72
4 43 0.13
1356 1397 53.24
1317 1358 51.71
1572 1573 61.35
38 79 1.51
836 875 32.81
1571 1572 61.34
985 1024 38.65
1244 1245 48.79
897 898 35.18
1025 1064 40.22
788 789 30.91
37 78 1.47
258 298 10.12
399 440 15.68
1225 1265 48.08
655 696 25.71
1235 1276 48.49
694 695 27.21
577 617 22.64
918 957 36.03
855 896 33.56
1077 1117 42.28
353 394 13.87
1332 1372 52.27
606 647 23.78
1101 1102 43.19
535 574 20.98
214 254 8.39
1325 1365 51.99
921 962 36.14
1517 1518 59.53
377 416 14.78
1489 1529 58.43
1404 1405 55.07
1168 1209 45.84
1414 1415 55.47
772 811 30.28
397 398 15.57
1273 1274 49.95
893 933 35.04
986 1025 38.69
551 592 21.64
733 774 28.77
976 1015 38.29
499 539 19.58
213 254 8.36
616 656 24.17
224 225 8.77
702 743 27.56
672 712 26.38
17 56 0.65
865 904 33.94
328 367 12.85
550 591 21.60
45 84 1.74
277 317 10.88
1015 1055 39.83
824 825 32.32
390 431 15.32
227 267 8.91
324 365 12.71
748 788 29.36
26 27 1.00
740 781 29.05
1307 1347 51.30
1258 1259 49.35
143 144 5.59
849 888 33.30
794 834 31.17
1307 1308 51.28
1118 1119 43.87
844 884 33.11
1404 1445 55.10
753 794 29.57
587 626 23.03
1428 1429 56.03
851 892 33.40
422 423 16.54
309 310 12.11
190 230 7.46
796 835 31.24
1063 1104 41.73
835 874 32.77
934 973 36.64
899 938 35.27
911 912 35.74
1496 1536 58.71
116 157 4.57
259 298 10.15
1069 1070 41.94
1085 1086 42.55
992 1032 38.94
951 952 37.31
711 752 27.92
1269 1310 49.82
1061 1062 41.62
1591 1592 61.54
627 666 24.60
336 337 13.16
104 105 4.06
1129 1130 44.28
380 421 14.92
383 423 15.03
1257 1298 49.34
475 514 18.64
1247 1248 48.91
964 965 37.80
715 754 28.06
1478 1479 58.00
1230 1271 48.29
1228 1267 48.19
315 354 12.36
1327 1366 52.06
299 300 11.71
893 894 35.02
15 56 0.59
52 53 2.01
36 76 1.42
445 485 17.45
127 128 4.95
1250 1290 49.05
1101 1141 43.21
1192 1232 46.79
873 914 34.28
632 672 24.81
199 239 7.82
299 338 11.72
923 924 36.19
306 346 12.01
509 549 19.98
1200 1240 47.10
1466 1507 57.55
192 231 7.53
268 309 10.53
512 552 20.10
330 369 12.93
643 644 25.20
1217 1256 47.75
624 663 24.48
1450 1491 56.91
1498 1499 58.77
1528 1569 59.97
1084 1123 42.52
1225 1226 48.06
103 143 4.04
1085 1124 42.56
844 885 33.12
359 398 14.09
574 614 22.52
1282 1323 50.31
1105 1145 43.37
549 588 21.54
784 785 30.75
1092 1093 42.83
1077 1078 42.26
10 11 0.36
1466 1505 57.53
1072 1113 42.09
126 166 4.93
902 943 35.41
1332 1373 52.28
127 167 4.97
1376 1417 54.01
860 861 33.73
207 208 8.09
115 154 4.51
919 920 36.06
347 348 13.60
846 885 33.18
882 922 34.60
1010 1011 39.61
126 167 4.94
563 604 22.09
699 700 27.41
215 256 8.44
59 100 2.32
912 952 35.80
1273 1314 49.98
1074 1114 42.16
1125 1126 44.12
479 520 18.82
417 458 16.37
144 184 5.65
859 899 33.71
342 382 13.42
93 134 3.65
387 426 15.18
1541 1582 60.49
1214 1254 47.64
291 292 11.39
574 613 22.51
1539 1580 60.41
715 716 28.05
737 777 28.92
279 319 10.96
933 973 36.61
120 160 4.71
501 542 19.67
293 333 11.49
341 381 13.38
1227 1266 48.15
942 983 36.98
81 122 3.17
717 718 28.13
1125 1164 44.13
474 514 18.61
111 151 4.36
1238 1278 48.60
495 536 19.43
954 995 37.46
1497 1537 58.75
1254 1293 49.20
992 1031 38.93
339 380 13.31
114 155 4.49
1536 1576 60.28
879 918 34.50
1367 1406 53.63
1012 1052 39.71
379 418 14.86
738 739 28.94
1513 1552 59.38
1503 1504 58.97
226 227 8.85
876 915 34.38
963 1003 37.78
898 939 35.25
576 617 22.61
141 181 5.53
1018 1019 39.93
943 983 37.01
497 498 19.48
1515 1556 59.48
398 439 15.64
1084 1125 42.54
1143 1184 44.87
1107 1148 43.46
518 557 20.33
1484 1523 58.22
804 843 31.53
1000 1039 39.24
356 357 13.96
701 740 27.50
427 467 16.76
159 200 6.26
302 342 11.85
237 278 9.32
1509 1550 59.24
191 232 7.51
42 43 1.61
1470 1509 57.69
1453 1494 57.03
155 194 6.08
859 900 33.72
1488 1528 58.39
676 716 26.54
1020 1061 40.04
1464 1505 57.47
858 859 33.65
1030 1069 40.42
216 257 8.48
808 848 31.70
1515 1516 59.45
823 863 32.30
900 940 35.32
528 569 20.72
41 42 1.58
645 646 25.28
1039 1040 40.77
958 999 37.62
991 992 38.88
18 19 0.68
1339 1380 52.56
605 646 23.74
259 299 10.16
615 655 24.13
1548 1587 60.75
908 947 35.63
1003 1004 39.33
382 383 14.97
1242 1283 48.74
1368 1409 53.69
730 769 28.63
1531 1570 60.07
1149 1189 45.10
604 644 23.69
529 570 20.76
570 571 22.34
1503 1542 58.98
1060 1100 41.60
453 494 17.78
550 551 21.57
643 684 25.23
361 402 14.16
1359 1360 53.33
197 198 7.72
936 977 36.74
1048 1087 41.11
1580 1581 61.43
310 349 12.16
442 443 17.31
662 703 25.99
1483 1524 58.20
142 183 5.58
1184 1224 46.47
936 975 36.72
1089 1129 42.73
142 182 5.57
348 389 13.67
166 205 6.49
109 148 4.27
1473 1514 57.83
447 487 17.53
388 429 15.24
1457 1498 57.19
698 739 27.40
534 573 20.94
167 206 6.53
770 810 30.21
239 240 9.37
1063 1103 41.72
1224 1263 48.03
619 620 24.27
1374 1414 53.92
652 692 25.58
122 161 4.76
1106 1145 43.40
1373 1413 53.88
411 451 16.12
837 838 32.84
1019 1059 39.99
524 525 20.53
1113 1153 43.69
459 499 18.01
1479 1480 58.04
362 401 14.18
209 249 8.19
390 430 15.31
53 54 2.05
203 204 7.93
410 451 16.09
841 842 32.98
350 351 13.72
1395 1434 54.75
1519 1520 59.61
349 389 13.70
1125 1166 44.15
1424 1463 55.88
1416 1456 55.57
1288 1328 50.54
889 930 34.89
655 695 25.70
1103 1144 43.30
485 525 19.02
277 316 10.87
332 373 13.03
702 742 27.55
862 903 33.84
757 758 29.70
804 845 31.55
268 307 10.51
1304 1344 51.18
451 492 17.70
997 1038 39.15
1182 1221 46.38
578 579 22.66
1309 1349 51.38
885 924 34.71
1144 1185 44.91
279 318 10.95
659 698 25.85
222 261 8.70
798 837 31.32
447 488 17.54
1087 1126 42.64
802 803 31.44
1017 1058 39.92
903 943 35.44
677 717 26.58
203 242 7.94
1415 1454 55.52
454 493 17.80
1384 1385 54.30
827 828 32.44
1106 1147 43.42
899 940 35.29
1207 1248 47.37
668 709 26.23
193 233 7.58
664 704 26.06
247 248 9.66
176 217 6.91
1297 1337 50.90
1006 1007 39.45
290 329 11.36
1242 1282 48.73
1440 1479 56.51
875 916 34.36
633 672 24.84
188 229 7.39
1257 1258 49.31
784 824 30.77
456 497 17.90
108 109 4.22
1297 1298 50.88
484 485 18.96
574 575 22.50
340 380 13.34
1175 1176 46.09
878 918 34.47
1275 1276 50.03
551 552 21.61
583 624 22.89
1157 1196 45.41
235 274 9.22
1104 1105 43.31
31 70 1.21
709 749 27.83
1149 1150 45.08
1465 1505 57.50
676 715 26.53
1479 1519 58.06
392 433 15.40
530 531 20.77
381 420 14.94
497 538 19.51
1076 1116 42.24
744 785 29.21
990 1029 38.85
610 649 23.92
1341 1380 52.62
826 867 32.43
171 211 6.70
882 883 34.58
1371 1412 53.81
911 952 35.77
1540 1580 60.44
519 520 20.36
989 1029 38.82
232 233 9.09
704 745 27.64
588 629 23.09
637 678 25.02
1044 1083 40.95
647 686 25.37
551 591 21.63
957 958 37.55
441 482 17.30
729 769 28.60
150 189 5.88
1389 1429 54.52
1437 1476 56.40
972 1013 38.15
535 575 20.99
1544 1545 60.58
363 404 14.24
939 979 36.85
462 502 18.13
1140 1181 44.75
875 915 34.35
101 142 3.97
61 100 2.38
585 624 22.95
252 291 9.87
496 536 19.46
1229 1230 48.22
934 935 36.63
1133 1134 44.44
911 951 35.76
1439 1440 56.47
411 452 16.13
421 461 16.52
1189 1228 46.66
1501 1542 58.92
543 544 21.29
1437 1438 56.39
1091 1130 42.80
1188 1227 46.62
1414 1455 55.50
1241 1281 48.69
61 102 2.40
1045 1084 40.99
294 295 11.51
88 127 3.43
684 725 26.84
308 349 12.10
478 518 18.77
977 1018 38.35
11 52 0.43
682 723 26.76
1543 1583 60.56
1338 1379 52.52
26 65 1.01
282 321 11.04
1542 1582 60.52
1037 1038 40.69
792 832 31.09
813 853 31.90
1522 1523 59.70
501 541 19.66
495 496 19.40
525 526 20.57
1085 1126 42.58
206 246 8.07
405 406 15.86
14 54 0.54
1422 1461 55.80
242 282 9.48
1249 1288 49.00
102 103 3.98
1284 1285 50.36
481 521 18.86
188 189 7.36
98 137 3.83
20 59 0.77
435 474 17.07
585 586 22.94
352 353 13.80
227 228 8.89
944 945 37.03
1555 1556 61.02
150 191 5.90
982 1021 38.53
376 415 14.74
1283 1324 50.35
850 891 33.36
1137 1138 44.60
457 497 17.93
878 919 34.48
261 301 10.24
1546 1587 60.69
607 647 23.81
767 806 30.08
1546 1586 60.68
1455 1496 57.11
116 156 4.56
375 416 14.72
821 862 32.23
416 457 16.33
1184 1185 46.45
1211 1250 47.51
474 515 18.62
1411 1412 55.35
1506 1545 59.10
1069 1109 41.96
96 136 3.76
387 427 15.19
860 901 33.76
1391 1392 54.58
438 478 17.20
1500 1540 58.87
102 141 3.99
1213 1252 47.59
620 661 24.34
1470 1471 57.68
1205 1245 47.28
618 659 24.26
319 360 12.54
1398 1437 54.87
225 265 8.83
1065 1106 41.81
516 555 20.25
334 373 13.09
533 574 20.92
1599 1600 61.62
670 671 26.28
444 485 17.42
1052 1053 41.26
1559 1599 61.20
159 198 6.24
1010 1049 39.62
688 727 26.98
644 683 25.25
1093 1094 42.87
586 626 23.00
648 649 25.40
957 996 37.56
1470 1511 57.71
569 609 22.32
1472 1512 57.78
656 697 25.75
516 556 20.26
1355 1394 53.18
1495 1496 58.65
1261 1262 49.47
372 411 14.58
20 61 0.79
1206 1245 47.31
564 603 22.11
898 899 35.22
1009 1050 39.60
1015 1056 39.84
384 425 15.08
1239 1279 48.64
867 868 34.01
412 453 16.17
433 474 17.01
717 758 28.16
434 474 17.04
489 529 19.18
864 904 33.91
1298 1299 50.92
343 344 13.44
727 766 28.51
1245 1246 48.83
438 477 17.19
1202 1241 47.15
619 658 24.28
816 855 32.01
318 319 12.47
460 499 18.04
1359 1399 53.35
1361 1401 53.40
612 651 24.00
1077 1116 42.27
985 986 38.64
1110 1111 43.55
1163 1204 45.64
1018 1058 39.95
1188 1229 46.64
195 236 7.67
752 753 29.50
130 171 5.10
436 475 17.11
1185 1225 46.51
1028 1029 40.33
350 391 13.75
1164 1203 45.66
1388 1389 54.46
409 410 16.02
1469 1508 57.65
124 164 4.85
653 694 25.63
1147 1186 45.01
1150 1191 45.15
283 322 11.08
260 261 10.18
602 642 23.61
41 81 1.59
488 529 19.15
50 90 1.95
517 557 20.30
436 477 17.13
1136 1137 44.56
1071 1111 42.04
1459 1499 57.26
142 181 5.56
1275 1316 50.06
848 889 33.28
1217 1257 47.76
151 152 5.91
615 616 24.11
960 999 37.67
78 79 3.05
789 830 30.98
430 431 16.86
860 899 33.74
1534 1574 60.20
91 130 3.55
179 180 7.00
233 234 9.13
793 834 31.14
885 926 34.73
358 397 14.05
1219 1220 47.82
566 605 22.19
658 659 25.80
369 408 14.46
741 780 29.07
1517 1556 59.54
1280 1319 50.23
183 224 7.19
1319 1358 51.77
1408 1447 55.24
897 938 35.21
673 714 26.43
1415 1456 55.54
877 878 34.41
541 580 21.22
223 264 8.76
1134 1173 44.49
220 260 8.63
423 464 16.61
1419 1459 55.69
190 231 7.47
726 727 28.46
828 867 32.49
448 488 17.57
1195 1236 46.92
900 901 35.30
1296 1336 50.86
183 223 7.18
168 169 6.56
792 831 31.08
524 564 20.55
1329 1330 52.13
237 276 9.30
157 198 6.18
930 969 36.48
594 634 23.32
590 591 23.14
113 153 4.44
956 957 37.51
1393 1394 54.66
1150 1189 45.13
319 359 12.53
1243 1282 48.76
49 89 1.91
65 66 2.53
553 594 21.72
95 136 3.73
824 863 32.33
186 225 7.29
106 107 4.14
277 278 10.86
1057 1098 41.49
364 403 14.26
206 247 8.08
1053 1093 41.32
1379 1420 54.13
318 359 12.50
655 694 25.69
503 504 19.72
69 70 2.69
565 566 22.14
1162 1202 45.59
1545 1585 60.64
1374 1375 53.90
1491 1532 58.52
1533 1573 60.16
863 904 33.88
1 2 0.01
1525 1564 59.83
1264 1265 49.59
1503 1543 58.99
1277 1317 50.13
647 687 25.38
376 416 14.75
917 957 36.00
1333 1372 52.30
578 618 22.68
16 57 0.63
778 779 30.51
1249 1290 49.02
1224 1264 48.04
718 757 28.18
482 523 18.91
990 991 38.84
580 581 22.74
964 1005 37.83
6 47 0.23
1226 1265 48.11
706 746 27.71
131 172 5.14
1185 1186 46.49
2 42 0.06
1099 1139 43.13
1287 1288 50.48
1530 1571 60.05
473 513 18.57
1513 1553 59.39
316 356 12.41
1459 1460 57.24
1453 1493 57.02
763 803 29.93
1071 1110 42.03
863 864 33.85
967 1006 37.93
706 745 27.70
320 359 12.55
369 410 14.48
498 538 19.54
198 237 7.77
1259 1300 49.42
555 556 21.77
633 674 24.86
406 447 15.93
1234 1275 48.45
255 296 10.01
888 929 34.85
639 680 25.10
8 9 0.28
838 877 32.89
1152 1192 45.22
851 890 33.38
512 551 20.09
180 181 7.04
468 509 18.38
607 648 23.82
1074 1115 42.17
1223 1263 48.00
325 365 12.74
635 676 24.94
1551 1552 60.86
1538 1578 60.36
1051 1091 41.24
449 450 17.59
1321 1362 51.84
210 250 8.23
1267 1306 49.72
975 1014 38.25
511 512 20.04
846 847 33.17
967 1008 37.95
60 99 2.34
1155 1196 45.35
1253 1254 49.15
226 267 8.88
521 561 20.43
1555 1594 61.03
853 854 33.45
441 442 17.28
1544 1584 60.60
806 846 31.62
1123 1162 44.05
282 283 11.03
1532 1573 60.13
822 863 32.27
1132 1172 44.42
287 328 11.26
833 872 32.69
1384 1423 54.31
715 756 28.08
1482 1483 58.13
220 259 8.62
841 881 32.99
733 773 28.76
743 782 29.15
762 803 29.90
306 345 12.00
538 577 21.10
1277 1278 50.11
648 689 25.43
673 712 26.41
482 522 18.90
1169 1209 45.87
797 838 31.30
1066 1105 41.83
506 507 19.84
806 847 31.63
558 597 21.90
1196 1236 46.95
1051 1052 41.22
1176 1216 46.15
743 784 29.17
68 108 2.67
480 519 18.83
513 552 20.13
1108 1148 43.49
62 103 2.44
84 125 3.29
845 846 33.13
735 736 28.82
369 370 14.45
338 379 13.27
76 77 2.97
1540 1541 60.42
302 303 11.83
949 988 37.24
1312 1353 51.51
759 800 29.81
660 701 25.91
1480 1519 58.08
895 934 35.11
1198 1199 47.01
493 494 19.32
1550 1589 60.83
1090 1131 42.78
836 876 32.82
1345 1384 52.78
1128 1169 44.27
1043 1044 40.90
20 60 0.78
1148 1189 45.07
958 998 37.61
1549 1550 60.78
1261 1300 49.48
37 77 1.46
54 55 2.09
140 179 5.48
1509 1549 59.23
1151 1191 45.18
238 279 9.36
332 371 13.01
940 941 36.87
597 638 23.45
29 70 1.15
423 424 16.58
1315 1316 51.60
1378 1418 54.08
1552 1553 60.90
687 726 26.94
1152 1153 45.20
1034 1074 40.59
852 891 33.42
1545 1586 60.65
1307 1348 51.31
748 789 29.37
251 252 9.82
1288 1327 50.53
1299 1338 50.97
1522 1563 59.73
1477 1518 57.99
635 675 24.93
560 599 21.97
579 620 22.73
1528 1568 59.96
606 607 23.75
152 191 5.96
1407 1448 55.22
1148 1188 45.06
684 723 26.82
1089 1090 42.71
603 644 23.66
772 812 30.29
483 484 18.92
1059 1098 41.55
1127 1168 44.23
241 281 9.44
1102 1142 43.25
158 159 6.19
390 391 15.29
376 417 14.76
425 466 16.69
644 685 25.27
50 91 1.96
367 406 14.38
1367 1408 53.65
706 707 27.69
501 502 19.64
1444 1484 56.66
759 799 29.80
103 104 4.02
1515 1554 59.46
610 651 23.94
916 955 35.95
509 510 19.96
537 576 21.06
1053 1094 41.33
215 255 8.43
654 695 25.67
771 811 30.25
656 696 25.74
1373 1374 53.86
255 294 9.99
253 254 9.90
765 806 30.02
244 283 9.55
853 893 33.47
978 1018 38.38
1536 1537 60.26
1058 1099 41.53
953 954 37.39
1503 1544 59.00
87 126 3.39
689 728 27.02
1501 1540 58.90
1122 1161 44.01
207 248 8.12
229 269 8.99
1542 1583 60.53
1224 1225 48.02
1410 1450 55.33
1331 1372 52.24
124 165 4.86
1577 1578 61.40
698 699 27.37
1536 1575 60.27
1494 1534 58.63
38 39 1.48
803 842 31.49
271 272 10.62
684 724 26.83
1407 1447 55.21
278 279 10.90
387 428 15.20
1186 1225 46.54
1009 1048 39.58
211 212 8.25
1044 1045 40.94
7 8 0.24
399 438 15.66
148 189 5.82
1467 1468 57.56
1431 1472 56.18
1221 1261 47.92
959 998 37.64
1191 1192 46.73
662 702 25.98
409 448 16.03
1005 1006 39.41
637 638 24.99
3 43 0.10
369 409 14.47
1350 1389 52.98
389 390 15.25
1303 1304 51.12
632 673 24.82
1122 1123 44.00
1526 1567 59.89
1036 1077 40.68
750 789 29.43
776 816 30.45
1293 1294 50.72
271 310 10.63
707 708 27.73
163 164 6.36
955 995 37.49
1043 1084 40.93
1165 1206 45.72
186 226 7.30
1118 1157 43.88
93 132 3.63
1193 1194 46.81
886 926 34.76
1306 1347 51.27
687 727 26.95
713 714 27.97
1399 1438 54.91
1161 1201 45.55
997 1036 39.13
1131 1171 44.38
983 1024 38.59
1399 1400 54.90
809 850 31.75
1204 1244 47.24
1546 1547 60.66
451 490 17.68
781 820 30.64
1421 1462 55.78
413 452 16.19
413 454 16.21
1345 1346 52.77
128 167 5.00
389 429 15.27
479 480 18.79
304 305 11.91
413 414 16.18
1162 1201 45.58
320 360 12.56
1225 1264 48.07
207 246 8.10
1301 1342 51.07
891 932 34.97
532 571 20.86
1075 1116 42.21
795 836 31.22
204 243 7.98
98 138 3.84
1547 1588 60.73
1255 1256 49.23
1248 1289 48.98
1388 1429 54.49
761 762 29.84
1304 1305 51.16
404 444 15.84
223 224 8.73
1158 1198 45.46
1274 1313 50.00
1465 1504 57.49
491 530 19.25
664 703 26.05
639 640 25.07
956 996 37.53
962 1002 37.74
750 751 29.42
305 344 11.96
669 710 26.27
661 700 25.93
842 883 33.04
294 333 11.52
783 823 30.73
69 108 2.70
482 483 18.88
514 515 20.16
693 733 27.19
577 578 22.62
732 772 28.72
541 542 21.21
1230 1270 48.28
1402 1441 55.00
24 25 0.92
835 836 32.76
1170 1209 45.90
437 476 17.15
1251 1292 49.10
900 939 35.31
597 637 23.44
1116 1157 43.82
808 849 31.71
752 793 29.53
697 738 27.36
1489 1528 58.42
947 988 37.18
1083 1123 42.49
1237 1238 48.54
1567 1568 61.30
723 764 28.37
514 554 20.18
71 112 2.80
420 459 16.47
620 659 24.32
443 484 17.38
1543 1582 60.55
732 733 28.70
958 959 37.59
1296 1337 50.87
338 339 13.24
472 511 18.52
896 897 35.14
1142 1181 44.81
1358 1359 53.29
168 209 6.59
826 827 32.40
309 350 12.14
1395 1435 54.76
1554 1593 60.99
176 177 6.88
332 333 13.00
491 531 19.26
1082 1123 42.46
1498 1539 58.80
297 298 11.63
1256 1295 49.28
1531 1571 60.08
622 662 24.41
517 518 20.28
698 737 27.38
792 793 31.07
980 1021 38.47
728 768 28.56
743 744 29.14
401 442 15.73
266 307 10.45
213 253 8.35
1355 1396 53.20
67 68 2.61
239 279 9.39
768 807 30.12
626 627 24.55
1454 1493 57.05
1470 1510 57.70
1398 1439 54.89
560 600 21.98
1172 1211 45.98
31 72 1.23
348 388 13.66
564 604 22.12
1059 1100 41.57
147 186 5.76
1070 1071 41.98
253 292 9.91
583 584 22.86
738 777 28.95
580 621 22.77
1364 1404 53.52
365 366 14.29
429 470 16.85
1494 1535 58.64
634 673 24.88
470 471 18.43
1310 1350 51.42
833 834 32.68
637 676 25.00
122 123 4.75
1547 1548 60.70
641 681 25.14
992 1033 38.95
107 108 4.18
182 222 7.14
123 164 4.82
469 470 18.39
1441 1482 56.55
1289 1330 50.59
782 783 30.67
1315 1356 51.63
890 930 34.92
1086 1127 42.62
170 211 6.67
71 110 2.78
1333 1374 52.32
1386 1427 54.41
1203 1204 47.18
346 386 13.58
1433 1472 56.24
87 88 3.38
1424 1465 55.90
980 1019 38.45
1552 1591 60.91
310 311 12.15
894 895 35.06
1135 1174 44.53
714 754 28.03
1483 1523 58.19
1045 1085 41.00
649 688 25.45
334 375 13.11
485 486 19.00
609 650 23.90
584 585 22.90
498 499 19.52
1114 1115 43.71
1514 1553 59.42
301 340 11.80
1326 1327 52.01
756 797 29.69
1221 1262 47.93
139 178 5.44
1544 1585 60.61
1256 1257 49.27
1337 1378 52.48
55 56 2.13
1508 1549 59.20
685 724 26.86
297 337 11.65
539 579 21.15
971 1011 38.10
243 244 9.50
1557 1596 61.11
1254 1255 49.19
1545 1546 60.62
314 315 12.31
82 121 3.19
1146 1187 44.99
1516 1556 59.51
385 424 15.10
1193 1233 46.83
86 87 3.34
271 311 10.64
1462 1503 57.39
342 343 13.40
861 902 33.80
826 865 32.41
1138 1177 44.65
768 809 30.14
1113 1114 43.67
169 209 6.62
312 352 12.25
1496 1535 58.70
1011 1052 39.68
361 362 14.14
896 937 35.17
472 473 18.51
1347 1386 52.86
741 782 29.09
800 839 31.39
504 543 19.77
1011 1051 39.67
807 848 31.67
968 1008 37.98
929 970 36.46
903 944 35.45
124 125 4.83
1452 1493 56.99
377 378 14.77
479 518 18.80
854 893 33.50
246 287 9.65
1329 1368 52.14
416 456 16.32
1314 1355 51.59
652 691 25.57
860 900 33.75
488 527 19.13
587 628 23.05
971 972 38.08
1451 1490 56.93
269 310 10.57
785 824 30.80
1379 1380 54.10
297 336 11.64
777 816 30.48
983 1022 38.57
733 772 28.75
556 595 21.82
1310 1311 51.40
307 346 12.04
193 232 7.57
1396 1397 54.78
913 914 35.82
1066 1106 41.84
10 50 0.38
966 1007 37.91
1308 1347 51.33
751 791 29.48
147 187 5.77
1524 1563 59.79
1364 1365 53.50
778 819 30.54
690 729 27.06
438 479 17.21
1167 1207 45.79
999 1038 39.21
696 735 27.30
1400 1439 54.94
925 965 36.29
1044 1084 40.96
74 75 2.89
265 305 10.40
644 645 25.24
562 602 22.04
536 576 21.03
407 446 15.95
948 987 37.20
219 258 8.58
721 762 28.29
25 64 0.97
865 905 33.95
189 230 7.43
409 449 16.04
326 365 12.77
804 844 31.54
107 146 4.19
769 809 30.17
895 896 35.10
697 736 27.34
707 746 27.74
516 517 20.24
1276 1317 50.10
1171 1212 45.96
568 569 22.26
46 86 1.79
390 429 15.30
379 419 14.87
952 991 37.36
619 660 24.30
1047 1086 41.07
953 992 37.40
1395 1436 54.77
144 183 5.64
1375 1416 53.97
1164 1205 45.68
685 686 26.85
523 524 20.49
1239 1280 48.65
581 582 22.78
1393 1433 54.68
838 879 32.91
809 849 31.74
608 648 23.85
1226 1227 48.10
515 516 20.20
1392 1393 54.62
1192 1231 46.78
707 748 27.76
945 986 37.10
232 272 9.11
1454 1455 57.04
655 656 25.68
525 564 20.58
983 1023 38.58
1254 1295 49.22
453 493 17.77
1549 1589 60.80
214 253 8.38
496 497 19.44
252 292 9.88
185 226 7.27
814 854 31.94
1265 1266 49.63
403 442 15.79
220 261 8.64
1109 1150 43.54
1230 1269 48.27
682 721 26.74
937 976 36.76
464 505 18.22
807 846 31.65
1299 1300 50.96
1088 1128 42.69
1322 1362 51.87
1195 1196 46.89
1009 1049 39.59
164 205 6.43
1272 1313 49.94
1484 1485 58.21
1154 1155 45.28
1032 1073 40.52
239 280 9.40
191 192 7.48
1028 1067 40.34
1447 1487 56.78
605 644 23.72
1468 1507 57.61
1137 1176 44.61
177 178 6.92
354 395 13.91
659 699 25.86
209 210 8.17
1198 1238 47.03
453 492 17.76
1323 1362 51.90
1206 1207 47.30
1158 1159 45.44
601 642 23.58
106 146 4.16
241 242 9.43
1056 1096 41.44
915 916 35.90
1300 1301 51.00
121 161 4.73
222 262 8.71
110 149 4.31
1050 1051 41.18
85 126 3.33
823 864 32.31
742 783 29.13
1147 1188 45.03
955 996 37.50
419 460 16.45
968 1009 37.99
1333 1373 52.31
1079 1119 42.36
770 809 30.20
1510 1550 59.27
686 726 26.91
1037 1078 40.72
886 925 34.75
319 320 12.51
1457 1458 57.16
1153 1154 45.24
1533 1534 60.14
177 217 6.94
901 940 35.35
421 462 16.53
1023 1062 40.14
105 145 4.12
893 934 35.05
829 830 32.52
1058 1098 41.52
691 731 27.11
1542 1581 60.51
531 570 20.82
1530 1531 60.02
900 941 35.33
1442 1482 56.58
851 852 33.37
198 199 7.76
439 480 17.25
1324 1364 51.95
331 332 12.96
1121 1162 43.99
1020 1059 40.02
1043 1083 40.92
912 951 35.79
1021 1061 40.07
1345 1385 52.79
129 130 5.03
704 705 27.61
1271 1310 49.88
1348 1387 52.90
716 757 28.12
1343 1384 52.72
705 706 27.65
1053 1092 41.31
944 983 37.04
1377 1418 54.05
5 44 0.17
755 795 29.64
1068 1069 41.90
733 734 28.74
708 749 27.80
1019 1058 39.98
588 589 23.06
1319 1360 51.79
197 236 7.73
1350 1351 52.97
500 541 19.63
254 293 9.95
547 548 21.45
1342 1382 52.67
1093 1133 42.89
273 313 10.72
166 206 6.50
908 949 35.65
1248 1249 48.95
1553 1593 60.96
460 461 18.03
548 588 21.51
844 883 33.10
358 359 14.04
171 210 6.69
1178 1217 46.22
83 122 3.23
906 947 35.57
1529 1530 59.98
1358 1398 53.31
157 158 6.15
289 330 11.34
45 86 1.76
21 60 0.81
467 468 18.31
216 217 8.45
588 628 23.08
366 367 14.33
1449 1488 56.85
1032 1033 40.49
1362 1402 53.44
884 923 34.67
1377 1416 54.03
229 270 9.00
83 84 3.22
72 113 2.84
1394 1395 54.70
759 798 29.79
1181 1182 46.33
245 284 9.59
850 889 33.34
153 154 5.99
1543 1544 60.54
248 288 9.72
867 908 34.04
1298 1338 50.94
273 314 10.73
1200 1239 47.09
212 251 8.30
563 564 22.06
781 822 30.66
592 631 23.23
67 106 2.62
1126 1127 44.16
1598 1599 61.61
206 245 8.06
1573 1574 61.36
1208 1209 47.38
1515 1555 59.47
99 100 3.86
1187 1226 46.58
1369 1408 53.71
1504 1543 59.02
21 62 0.83
1535 1575 60.24
415 454 16.27
507 546 19.89
874 915 34.32
464 465 18.19
133 134 5.19
319 358 12.52
550 590 21.59
1388 1428 54.48
1581 1582 61.44
1371 1410 53.79
1539 1578 60.39
341 382 13.39
1339 1378 52.54
316 355 12.40
477 517 18.73
1196 1235 46.94
328 368 12.86
111 112 4.34
1087 1088 42.63
1163 1164 45.61
211 252 8.28
439 440 17.22
1156 1157 45.36
1196 1197 46.93
1332 1371 52.26
432 472 16.96
1147 1148 45.00
403 443 15.80
1136 1176 44.58
982 1022 38.54
1406 1446 55.17
121 122 4.72
1075 1076 42.18
916 957 35.97
776 777 30.43
554 555 21.73
988 989 38.76
9 48 0.33
1047 1048 41.06
136 137 5.31
1097 1138 43.06
221 222 8.65
668 707 26.21
897 937 35.20
1393 1434 54.69
1217 1258 47.77
1505 1544 59.06
892 893 34.98
1062 1102 41.68
1309 1350 51.39
1099 1100 43.11
475 515 18.65
1134 1175 44.51
14 53 0.53
954 993 37.44
1268 1309 49.78
780 781 30.59
993 994 38.96
684 685 26.81
1516 1555 59.50
1047 1087 41.08
126 127 4.91
1518 1559 59.60
145 146 5.67
656 657 25.72
1038 1079 40.76
731 770 28.67
269 308 10.55
1044 1085 40.97
1450 1490 56.90
785 825 30.81
725 766 28.45
723 762 28.35
47 87 1.83
510 511 20.00
459 460 17.99
971 1012 38.11
979 1020 38.43
274 314 10.76
343 383 13.46
1193 1232 46.82
185 186 7.24
712 751 27.94
1532 1572 60.12
262 301 10.27
1438 1477 56.44
1076 1077 42.22
125 126 4.87
1119 1120 43.91
314 355 12.34
23 24 0.88
1525 1565 59.84
834 874 32.74
1276 1277 50.07
612 653 24.02
194 195 7.60
217 218 8.49
1448 1487 56.81
764 803 29.96
902 942 35.40
907 947 35.60
952 993 37.38
205 244 8.02
381 421 14.95
465 466 18.23
78 118 3.07
576 615 22.59
747 788 29.33
290 291 11.35
991 1031 38.90
594 595 23.30
679 718 26.65
1226 1266 48.12
862 863 33.81
1195 1235 46.91
341 342 13.36
335 374 13.13
741 742 29.06
331 371 12.98
1224 1265 48.05
126 165 4.92
363 403 14.23
660 699 25.89
1267 1307 49.73
704 744 27.63
1507 1548 59.16
828 869 32.51
931 972 36.54
1101 1142 43.22
1117 1157 43.85
796 836 31.25
728 769 28.57
313 314 12.27
515 554 20.21
565 605 22.16
262 303 10.29
76 115 2.98
675 676 26.48
165 205 6.46
672 673 26.36
1461 1462 57.32
26 66 1.02
1204 1205 47.22
732 773 28.73
247 287 9.68
1522 1561 59.71
58 99 2.28
300 340 11.77
1338 1378 52.51
373 414 14.64
84 123 3.27
420 421 16.46
227 266 8.90
500 501 19.60
1099 1138 43.12
237 238 9.29
1179 1220 46.28
1270 1309 49.84
333 372 13.05
1025 1026 40.21
397 436 15.58
762 801 29.88
1452 1492 56.98
25 65 0.98
1245 1286 48.86
360 400 14.13
723 724 28.34
1463 1504 57.43
582 622 22.84
963 1004 37.79
54 94 2.11
1199 1240 47.08
621 662 24.38
71 72 2.77
1173 1212 46.02
1244 1283 48.80
1130 1131 44.32
285 286 11.15
239 278 9.38
1109 1149 43.53
1199 1239 47.07
83 123 3.24
335 336 13.12
587 627 23.04
852 853 33.41
1435 1436 56.31
250 291 9.81
301 341 11.81
334 374 13.10
1210 1251 47.49
491 532 19.27
1166 1207 45.76
1123 1163 44.06
1419 1460 55.70
808 847 31.69
919 960 36.09
133 172 5.20
1523 1562 59.75
1198 1239 47.04
1266 1306 49.69
345 384 13.53
973 1013 38.18
62 63 2.41
1015 1054 39.82
634 675 24.90
1578 1579 61.41
1519 1559 59.63
73 114 2.88
1518 1558 59.59
1450 1451 56.88
288 329 11.30
1124 1125 44.08
750 790 29.44
167 207 6.54
357 396 14.01
1237 1277 48.56
1455 1494 57.09
973 974 38.16
567 608 22.25
1003 1042 39.34
1031 1072 40.48
1072 1111 42.07
874 914 34.31
1124 1164 44.10
1305 1346 51.23
491 492 19.24
1166 1206 45.75
710 749 27.86
873 913 34.27
349 388 13.69
18 59 0.71
110 151 4.33
988 1027 38.77
598 638 23.48
997 1037 39.14
1543 1584 60.57
638 678 25.05
62 101 2.42
713 752 27.98
1112 1152 43.65
1325 1366 52.00
669 709 26.26
232 271 9.10
419 458 16.43
152 153 5.95
877 916 34.42
724 725 28.38
45 85 1.75
16 56 0.62
1208 1249 47.41
1414 1453 55.48
1358 1399 53.32
1247 1288 48.94
1529 1569 60.00
393 433 15.43
167 168 6.52
697 698 27.33
444 445 17.39
288 327 11.28
226 265 8.86
1128 1168 44.26
523 563 20.51
1526 1565 59.87
1288 1329 50.55
1445 1485 56.70
1278 1279 50.15
1353 1394 53.12
244 285 9.57
234 274 9.19
1354 1394 53.15
848 849 33.25
149 150 5.83
695 696 27.25
1590 1591 61.53
1321 1361 51.83
1489 1490 58.41
334 335 13.08
512 553 20.11
228 269 8.96
169 208 6.61
797 798 31.27
888 889 34.82
683 723 26.79
869 909 34.11
506 545 19.85
527 568 20.68
785 826 30.82
372 373 14.57
946 987 37.14
669 708 26.25
1555 1595 61.04
1387 1426 54.43
44 45 1.69
1210 1211 47.46
1587 1588 61.50
1107 1108 43.43
598 637 23.47
525 565 20.59
1093 1134 42.90
17 57 0.66
805 806 31.56
591 632 23.21
1263 1264 49.55
1374 1413 53.91
308 309 12.07
372 412 14.59
1468 1508 57.62
1373 1412 53.87
979 1019 38.42
1326 1365 52.02
153 193 6.01
1067 1108 41.89
1280 1320 50.24
1452 1453 56.96
105 146 4.13
638 639 25.03
322 323 12.60
1262 1303 49.54
620 660 24.33
452 492 17.73
950 990 37.29
1413 1414 55.43
66 107 2.60
1526 1527 59.86
1327 1328 52.05
1340 1380 52.59
1024 1064 40.19
327 368 12.83
1220 1259 47.87
771 810 30.24
849 890 33.32
439 479 17.24
1181 1222 46.36
318 357 12.48
1490 1491 58.45
1446 1447 56.72
1258 1298 49.37
53 94 2.08
1094 1135 42.94
216 256 8.47
299 339 11.73
213 252 8.34
791 792 31.03
475 516 18.66
1485 1524 58.26
963 964 37.76
966 967 37.88
1528 1529 59.94
646 647 25.32
661 662 25.92
85 86 3.30
1443 1483 56.62
5 45 0.18
1491 1531 58.51
1575 1576 61.38
665 666 26.08
355 396 13.95
628 669 24.66
547 587 21.47
857 858 33.61
1246 1247 48.87
904 944 35.48
1162 1203 45.60
304 344 11.93
1126 1165 44.17
1541 1542 60.46
754 755 29.58
293 294 11.47
926 965 36.32
1199 1200 47.05
1376 1377 53.98
175 215 6.86
523 562 20.50
885 925 34.72
572 612 22.44
870 909 34.14
389 428 15.26
774 813 30.36
1306 1346 51.26
295 334 11.56
608 649 23.86
1279 1320 50.22
1396 1437 54.81
100 141 3.93
930 971 36.50
132 171 5.16
1122 1162 44.02
146 147 5.71
920 959 36.10
1343 1382 52.70
391 431 15.35
1475 1515 57.90
177 218 6.95
642 683 25.19
298 339 11.70
607 646 23.80
167 208 6.55
1305 1306 51.20
257 298 10.09
749 790 29.41
1037 1076 40.70
902 941 35.39
309 349 12.13
56 96 2.19
486 526 19.06
943 944 36.99
1059 1099 41.56
398 437 15.62
674 714 26.46
192 233 7.55
958 997 37.60
914 915 35.86
324 364 12.70
1180 1219 46.30
442 483 17.34
1292 1293 50.68
1213 1253 47.60
113 114 4.42
505 506 19.80
1230 1231 48.26
302 341 11.84
205 245 8.03
597 598 23.42
251 290 9.83
428 429 16.78
1309 1310 51.36
1325 1364 51.98
33 34 1.28
1016 1017 39.85
282 322 11.05
881 882 34.55
149 189 5.85
1428 1469 56.06
261 300 10.23
825 866 32.39
186 187 7.28
1158 1199 45.47
827 866 32.45
819 860 32.15
1062 1063 41.66
1086 1087 42.59
544 583 21.34
180 219 7.05
1381 1421 54.20
830 831 32.56
713 753 27.99
252 253 9.86
1464 1503 57.45
960 1000 37.68
1553 1594 60.97
272 311 10.67
1133 1173 44.46
586 587 22.98
851 891 33.39
933 974 36.62
169 210 6.63
957 997 37.57
862 902 33.83
1386 1425 54.39
665 705 26.10
722 763 28.33
596 597 23.38
1422 1463 55.82
1361 1402 53.41
709 750 27.84
693 694 27.17
709 710 27.81
238 277 9.34
1027 1028 40.29
1167 1208 45.80
1335 1375 52.39
986 987 38.68
1565 1566 61.28
11 12 0.40
1073 1074 42.10
1359 1398 53.34
819 820 32.12
598 639 23.49
974 1013 38.21
79 120 3.12
527 567 20.67
339 340 13.28
1029 1030 40.37
1084 1124 42.53
876 916 34.39
924 965 36.26
1413 1454 55.46
1052 1093 41.29
203 243 7.95
484 523 18.97
1467 1508 57.59
421 422 16.50
1425 1464 55.92
980 1020 38.46
1273 1313 49.97
1427 1467 56.01
1137 1178 44.63
1458 1498 57.22
1129 1168 44.29
652 693 25.59
1271 1272 49.87
196 237 7.71
1033 1072 40.54
1435 1474 56.32
1397 1438 54.85
415 416 16.26
579 580 22.70
373 412 14.62
1236 1237 48.50
1553 1554 60.94
535 536 20.97
253 293 9.92
1462 1463 57.36
775 776 30.39
537 538 21.05
708 709 27.77
665 704 26.09
141 182 5.54
773 774 30.31
780 820 30.61
581 621 22.80
452 491 17.72
420 460 16.48
747 786 29.31
366 407 14.36
992 993 38.92
847 886 33.22
1423 1462 55.84
543 583 21.31
921 922 36.12
34 75 1.35
931 971 36.53
266 305 10.43
115 116 4.50
174 213 6.81
1041 1082 40.85
1174 1213 46.06
432 433 16.94
1111 1112 43.59
1380 1381 54.14
1317 1357 51.70
917 956 35.99
312 351 12.24
447 448 17.51
1193 1234 46.84
797 836 31.28
276 277 10.82
240 280 9.42
661 701 25.94
1460 1500 57.30
766 767 30.03
678 679 26.60
577 618 22.65
1220 1261 47.89
1268 1308 49.77
1350 1390 52.99
1027 1068 40.32
330 370 12.94
1462 1501 57.37
674 713 26.45
1558 1597 61.15
429 469 16.84
835 876 32.79
1266 1267 49.67
236 275 9.26
478 479 18.75
186 227 7.31
514 555 20.19
865 906 33.96
1342 1343 52.65
949 990 37.26
30 71 1.19
834 873 32.73
11 50 0.41
982 983 38.52
769 808 30.16
202 242 7.91
202 203 7.89
1335 1374 52.38
793 794 31.11
1259 1298 49.40
836 877 32.83
899 939 35.28
1425 1426 55.91
477 478 18.71
403 404 15.78
966 1006 37.90
952 992 37.37
313 352 12.28
652 653 25.56
1464 1465 57.44
1021 1022 40.05
1010 1051 39.64
1034 1035 40.57
877 918 34.44
67 107 2.63
1143 1183 44.86
606 646 23.77
1078 1117 42.31
458 459 17.95
352 392 13.82
1255 1295 49.25
1518 1519 59.57
1050 1090 41.20
1340 1341 52.57
380 419 14.90
1379 1419 54.12
183 184 7.16
404 445 15.85
746 786 29.28
128 169 5.02
227 268 8.92
70 71 2.73
909 950 35.69
555 594 21.78
894 935 35.09
286 287 11.19
1348 1389 52.92
27 66 1.05
1067 1107 41.88
290 331 11.38
78 119 3.08
1206 1246 47.32
568 607 22.27
414 415 16.22
691 732 27.12
1306 1345 51.25
874 913 34.30
910 951 35.73
503 542 19.73
1061 1101 41.64
545 584 21.38
783 784 30.71
1270 1311 49.86
53 92 2.06
422 462 16.56
1496 1537 58.72
1291 1292 50.64
1372 1411 53.83
1020 1060 40.03
735 775 28.84
1119 1160 43.94
699 738 27.42
32 73 1.27
817 856 32.05
740 780 29.04
172 213 6.75
429 468 16.83
1554 1594 61.00
268 269 10.50
1330 1331 52.17
135 176 5.30
453 454 17.75
1511 1512 59.29
1472 1513 57.79
890 929 34.91
123 162 4.80
1186 1226 46.55
872 911 34.22
1107 1147 43.45
1011 1050 39.66
368 408 14.43
358 398 14.06
564 565 22.10
63 104 2.48
93 133 3.64
1402 1403 54.99
1130 1170 44.34
1485 1526 58.28
649 689 25.46
892 931 34.99
1306 1307 51.24
575 614 22.55
1408 1448 55.25
497 536 19.49
4 45 0.15
462 501 18.12
838 839 32.88
1323 1364 51.92
1110 1151 43.58
157 196 6.16
1045 1086 41.01
1323 1324 51.89
1095 1134 42.96
1060 1099 41.59
1553 1592 60.95
528 567 20.70
1397 1398 54.82
955 994 37.48
1209 1250 47.45
117 156 4.59
282 323 11.06
275 314 10.79
1278 1318 50.17
160 199 6.27
1269 1309 49.81
1176 1217 46.16
549 590 21.56
1050 1089 41.19
1131 1132 44.36
378 418 14.83
1032 1072 40.51
806 845 31.61
1185 1224 46.50
889 928 34.87
422 463 16.57
1386 1387 54.38
541 582 21.24
1014 1054 39.79
515 556 20.23
224 265 8.80
503 543 19.74
1213 1254 47.61
490 530 19.22
1035 1076 40.64
641 682 25.15
613 614 24.03
856 857 33.57
1083 1124 42.50
779 780 30.55
79 118 3.10
905 945 35.52
611 651 23.97
623 664 24.46
1330 1369 52.18
1465 1466 57.48
50 51 1.93
1463 1464 57.40
637 677 25.01
1106 1146 43.41
378 417 14.82
125 166 4.90
1285 1325 50.42
936 937 36.71
1151 1190 45.17
374 375 14.65
1340 1381 52.60
1485 1486 58.25
1574 1575 61.37
1434 1475 56.30
1265 1305 49.65
729 730 28.58
765 804 30.00
363 402 14.22
394 395 15.45
758 799 29.77
780 819 30.60
1564 1565 61.27
890 891 34.90
1423 1424 55.83
1074 1113 42.15
1299 1340 50.99
517 558 20.31
1022 1062 40.11
999 1039 39.22
1443 1484 56.63
486 525 19.05
462 503 18.14
1171 1172 45.93
719 759 28.23
98 139 3.85
1356 1396 53.23
968 1007 37.97
1258 1297 49.36
1238 1277 48.59
396 397 15.53
1407 1408 55.19
489 528 19.17
407 408 15.94
708 748 27.79
381 382 14.93
829 870 32.55
298 338 11.69
257 297 10.08
769 810 30.18
1293 1334 50.75
477 516 18.72
1544 1583 60.59
1352 1391 53.06
1122 1163 44.03
748 749 29.34
866 867 33.97
618 619 24.23
531 572 20.84
345 346 13.52
127 168 4.98
34 35 1.32
896 936 35.16
688 728 26.99
1042 1082 40.88
333 374 13.07
825 826 32.36
972 1012 38.14
889 929 34.88
1327 1368 52.08
675 715 26.50
1172 1173 45.97
215 254 8.42
395 396 15.49
1143 1144 44.84
1434 1474 56.29
1070 1111 42.01
423 463 16.60
861 901 33.79
1358 1397 53.30
538 539 21.09
1011 1012 39.65
484 524 18.98
929 969 36.45
1305 1344 51.21
995 1034 39.05
497 537 19.50
53 93 2.07
857 898 33.64
1139 1178 44.69
462 463 18.11
1557 1598 61.13
318 358 12.49
1557 1558 61.10
603 642 23.64
155 195 6.09
1390 1429 54.55
1024 1063 40.18
370 411 14.52
1418 1457 55.64
1088 1129 42.70
153 192 6.00
1091 1131 42.81
3 44 0.11
1058 1059 41.50
108 147 4.23
201 202 7.86
339 378 13.29
60 61 2.33
624 625 24.47
1582 1583 61.45
203 244 7.96
1436 1475 56.36
110 111 4.30
197 238 7.75
821 822 32.20
1284 1324 50.38
1325 1326 51.97
747 787 29.32
601 602 23.56
411 412 16.10
839 880 32.95
1170 1210 45.91
629 630 24.67
585 625 22.96
58 97 2.26
1195 1234 46.90
218 257 8.54
1413 1452 55.44
1471 1472 57.72
1145 1184 44.93
563 602 22.07
1098 1139 43.10
210 251 8.24
490 529 19.21
758 759 29.74
221 260 8.66
917 958 36.01
476 477 18.67
1576 1577 61.39
1335 1336 52.37
1488 1529 58.40
1073 1114 42.13
