1024
2004 08 19 50.3228
2004 08 20 54.3227
2004 08 23 54.8694
2004 08 24 52.5974
2004 08 25 53.1641
2004 08 26 54.1221
2004 08 27 53.2393
2004 08 30 51.1629
2004 08 31 51.3435
2004 09 01 50.2802
2004 09 02 50.9122
2004 09 03 50.1598
2004 09 07 50.9473
2004 09 08 51.3084
2004 09 09 51.3134
2004 09 10 52.8281
2004 09 13 53.9164
2004 09 14 55.9176
2004 09 15 56.1734
2004 09 16 57.1615
2004 09 17 58.9269
2004 09 20 59.8648
2004 09 21 59.1024
2004 09 22 59.3733
2004 09 23 60.5971
2004 09 24 60.1005
2004 09 27 59.3131
2004 09 28 63.6264
2004 09 29 65.7429
2004 09 30 65.0007
2004 10 01 66.4953
2004 10 04 67.7391
2004 10 05 69.3992
2004 10 06 68.7522
2004 10 07 69.6400
2004 10 08 69.0782
2004 10 11 67.8394
2004 10 12 68.9127
2004 10 13 70.6681
2004 10 14 71.2198
2004 10 15 72.2781
2004 10 18 74.8109
2004 10 19 74.1990
2004 10 20 70.4625
2004 10 21 74.9213
2004 10 22 86.4820
2004 10 25 93.9901
2004 10 26 91.1815
2004 10 27 93.2729
2004 10 28 96.9493
2004 10 29 95.6152
2004 11 01 98.3185
2004 11 02 97.7367
2004 11 03 96.1317
2004 11 04 92.6360
2004 11 05 84.9372
2004 11 08 86.5421
2004 11 09 84.6112
2004 11 10 84.1899
2004 11 11 91.7934
2004 11 12 91.2818
2004 11 15 92.7212
2004 11 16 86.5396
2004 11 17 86.5171
2004 11 18 84.0294
2004 11 19 84.9623
2004 11 22 82.8056
2004 11 23 84.0194
2004 11 24 87.6506
2004 11 26 89.9727
2004 11 29 90.8053
2004 11 30 91.2717
2004 12 01 90.2586
2004 12 02 89.9778
2004 12 03 90.4793
2004 12 06 88.4179
2004 12 07 85.9804
2004 12 08 85.2532
2004 12 09 86.9835
2004 12 10 86.0908
2004 12 13 85.4889
2004 12 14 89.6217
2004 12 15 90.1683
2004 12 16 88.5082
2004 12 17 90.3188
2004 12 20 92.7965
2004 12 21 92.1595
2004 12 22 93.4384
2004 12 23 94.2409
2004 12 27 96.2521
2004 12 28 96.6784
2004 12 29 96.7487
2004 12 30 99.1059
2004 12 31 96.6935
2005 01 03 101.6688
2005 01 04 97.5511
2005 01 05 97.0546
2005 01 06 94.5669
2005 01 07 97.2251
2005 01 10 97.8320
2005 01 11 97.0696
2005 01 12 97.9925
2005 01 13 97.9674
2005 01 14 100.2946
2005 01 18 102.2657
2005 01 19 98.9555
2005 01 20 97.2602
2005 01 21 94.4315
2005 01 24 90.6398
2005 01 25 88.8342
2005 01 26 94.9130
2005 01 27 94.3312
2005 01 28 95.4647
2005 01 31 98.1129
2005 02 01 96.2471
2005 02 02 103.2989
2005 02 03 105.7565
2005 02 04 102.4964
2005 02 07 98.3185
2005 02 08 99.6275
2005 02 09 96.0866
2005 02 10 94.2810
2005 02 11 93.9901
2005 02 14 96.7938
2005 02 15 97.9173
2005 02 16 99.5122
2005 02 17 99.2564
2005 02 18 99.2815
2005 02 22 95.9813
2005 02 23 97.2753
2005 02 24 94.7374
2005 02 25 93.2228
2005 02 28 94.2861
2005 03 01 93.3181
2005 03 02 92.8767
2005 03 03 93.7920
2005 03 04 93.2378
2005 03 07 94.6973
2005 03 08 92.8867
2005 03 09 90.9558
2005 03 10 90.2687
2005 03 11 89.1753
2005 03 14 87.7659
2005 03 15 89.5815
2005 03 16 88.0719
2005 03 17 89.9226
2005 03 18 90.2987
2005 03 21 90.7200
2005 03 22 89.5765
2005 03 23 89.7671
2005 03 24 89.9025
2005 03 28 90.9909
2005 03 29 90.0630
2005 03 30 90.5044
2005 03 31 90.5345
2005 04 01 90.2987
2005 04 04 92.9319
2005 04 05 94.5769
2005 04 06 94.9030
2005 04 07 97.1800
2005 04 08 96.3223
2005 04 11 96.9142
2005 04 12 97.2778
2005 04 13 96.7637
2005 04 14 96.0214
2005 04 15 92.7864
2005 04 18 93.7745
2005 04 19 95.9963
2005 04 20 99.3567
2005 04 21 102.6920
2005 04 22 108.2391
2005 04 25 112.1111
2005 04 26 109.7137
2005 04 27 110.2303
2005 04 28 110.0648
2005 04 29 110.3406
2005 05 02 111.4892
2005 05 03 113.4452
2005 05 04 114.6038
2005 05 05 113.8414
2005 05 06 114.3630
2005 05 09 113.3599
2005 05 10 114.2527
2005 05 11 116.0031
2005 05 12 114.7141
2005 05 13 114.9749
2005 05 16 115.8827
2005 05 17 116.9259
2005 05 18 119.9503
2005 05 19 119.9603
2005 05 20 121.1791
2005 05 23 128.1205
2005 05 24 128.3963
2005 05 25 130.8088
2005 05 26 130.0013
2005 05 27 133.4118
2005 05 31 139.0643
2005 06 01 144.4459
2005 06 02 144.3957
2005 06 03 140.5639
2005 06 06 145.9204
2005 06 07 147.0138
2005 06 08 140.2128
2005 06 09 143.5983
2005 06 10 141.6874
2005 06 13 141.8128
2005 06 14 139.6060
2005 06 15 137.8255
2005 06 16 139.1495
2005 06 17 140.5840
2005 06 20 143.7939
2005 06 21 144.3656
2005 06 22 145.0979
2005 06 23 145.3035
2005 06 24 149.0852
2005 06 27 152.5208
2005 06 28 151.4676
2005 06 29 146.8132
2005 06 30 147.5304
2005 07 01 146.0759
2005 07 05 148.3128
2005 07 06 146.2138
2005 07 07 148.2276
2005 07 08 148.5736
2005 07 11 147.1292
2005 07 12 146.3437
2005 07 13 149.8927
2005 07 14 150.9108
2005 07 15 151.0613
2005 07 18 150.2338
2005 07 19 155.4298
2005 07 20 156.4830
2005 07 21 157.4561
2005 07 22 151.6682
2005 07 25 148.3830
2005 07 26 148.5034
2005 07 27 148.9247
2005 07 28 147.2044
2005 07 29 144.3255
2005 08 01 146.2564
2005 08 02 150.0582
2005 08 03 149.1103
2005 08 04 149.3260
2005 08 05 146.6276
2005 08 08 146.0759
2005 08 09 146.2364
2005 08 10 143.2823
2005 08 11 142.4648
2005 08 12 145.3091
2005 08 15 142.4397
2005 08 16 143.2673
2005 08 17 142.9914
2005 08 18 140.4285
2005 08 19 140.4335
2005 08 22 137.4292
2005 08 23 140.2229
2005 08 24 141.7225
2005 08 25 141.7325
2005 08 26 142.2290
2005 08 29 144.6716
2005 08 30 144.0798
2005 08 31 143.4428
2005 09 01 143.5682
2005 09 02 144.6716
2005 09 06 143.9995
2005 09 07 147.8915
2005 09 08 148.1523
2005 09 09 150.0081
2005 09 12 155.3495
2005 09 13 156.3226
2005 09 14 151.9691
2005 09 15 151.7785
2005 09 16 150.5648
2005 09 19 152.3653
2005 09 20 154.4317
2005 09 21 156.4329
2005 09 22 156.1671
2005 09 23 158.1683
2005 09 26 157.6266
2005 09 27 157.4561
2005 09 28 153.4738
2005 09 29 155.2894
2005 09 30 158.7200
2005 10 03 159.8334
2005 10 04 155.9815
2005 10 05 155.8361
2005 10 06 156.8592
2005 10 07 156.9796
2005 10 10 155.8060
2005 10 11 153.5239
2005 10 12 150.9510
2005 10 13 149.1805
2005 10 14 148.5285
2005 10 17 152.9722
2005 10 18 152.1095
2005 10 19 154.8279
2005 10 20 152.0694
2005 10 21 170.4762
2005 10 24 174.8648
2005 10 25 173.9921
2005 10 26 178.2703
2005 10 27 177.0766
2005 10 28 179.6395
2005 10 31 186.6462
2005 11 01 190.2774
2005 11 02 190.4278
2005 11 03 193.5725
2005 11 04 195.8195
2005 11 07 198.1266
2005 11 08 195.5537
2005 11 09 190.1620
2005 11 10 196.1555
2005 11 11 195.8044
2005 11 14 199.0996
2005 11 15 197.0081
2005 11 16 199.6914
2005 11 17 202.3496
2005 11 18 200.7246
2005 11 21 205.3138
2005 11 22 208.8798
2005 11 23 212.0847
2005 11 25 214.9736
2005 11 28 212.3956
2005 11 29 202.3948
2005 11 30 203.0831
2005 12 01 207.6862
2005 12 02 209.4967
2005 12 05 203.5533
2005 12 06 202.8963
2005 12 07 202.7358
2005 12 08 205.9608
2005 12 09 205.2335
2005 12 12 206.9448
2005 12 13 209.3914
2005 12 14 210.1286
2005 12 15 211.9192
2005 12 16 215.7410
2005 12 19 212.9574
2005 12 20 215.5353
2005 12 21 213.8251
2005 12 22 216.6889
2005 12 23 216.1322
2005 12 27 212.9774
2005 12 28 214.0056
2005 12 29 210.7255
2005 12 30 208.0723
2006 01 03 218.2888
2006 01 04 223.3093
2006 01 05 226.3186
2006 01 06 233.5509
2006 01 09 234.1729
2006 01 10 235.6073
2006 01 11 236.5452
2006 01 12 232.5328
2006 01 13 233.8469
2006 01 17 234.2782
2006 01 18 223.1438
2006 01 19 218.8982
2006 01 20 200.3485
2006 01 23 214.4119
2006 01 24 222.2009
2006 01 25 217.1704
2006 01 26 217.8048
2006 01 27 217.4161
2006 01 30 214.0708
2006 01 31 216.9999
2006 02 01 201.5120
2006 02 02 198.6332
2006 02 03 191.3682
2006 02 06 193.1462
2006 02 07 184.5296
2006 02 08 185.1114
2006 02 09 179.9405
2006 02 10 181.8664
2006 02 13 173.3852
2006 02 14 172.1915
2006 02 15 171.7201
2006 02 16 183.7974
2006 02 17 184.9459
2006 02 21 183.8626
2006 02 22 183.3109
2006 02 23 189.6203
2006 02 24 189.2843
2006 02 27 195.7919
2006 02 28 181.8714
2006 03 01 182.9648
2006 03 02 188.8078
2006 03 03 189.6755
2006 03 06 184.6199
2006 03 07 182.7893
2006 03 08 177.4879
2006 03 09 172.0310
2006 03 10 169.2725
2006 03 13 169.0518
2006 03 14 176.1237
2006 03 15 172.7834
2006 03 16 169.9095
2006 03 17 170.4211
2006 03 20 174.6341
2006 03 21 170.4863
2006 03 22 170.6367
2006 03 23 171.4743
2006 03 24 183.4663
2006 03 27 185.4174
2006 03 28 189.1840
2006 03 29 198.1015
2006 03 30 194.8214
2006 03 31 195.6038
2006 04 03 195.4533
2006 04 04 202.7960
2006 04 05 204.6267
2006 04 06 206.2266
2006 04 07 203.7088
2006 04 10 208.8347
2006 04 11 205.4642
2006 04 12 205.1081
2006 04 13 201.7026
2006 04 17 204.0399
2006 04 18 202.7459
2006 04 19 205.8855
2006 04 20 208.1425
2006 04 21 219.2267
2006 04 24 220.9320
2006 04 25 214.2413
2006 04 26 213.6445
2006 04 27 210.6653
2006 04 28 209.6171
2006 05 01 200.0676
2006 05 02 198.0112
2006 05 03 197.6953
2006 05 04 197.9862
2006 05 05 197.7605
2006 05 08 198.0012
2006 05 09 205.0329
2006 05 10 202.1139
2006 05 11 194.0992
2006 05 12 187.6442
2006 05 15 188.6824
2006 05 16 186.2249
2006 05 17 187.8298
2006 05 18 186.0694
2006 05 19 185.5829
2006 05 22 186.0493
2006 05 23 188.3715
2006 05 24 191.2153
2006 05 25 192.0880
2006 05 26 191.2654
2006 05 30 186.5458
2006 05 31 186.4857
2006 06 01 191.9024
2006 06 02 190.3075
2006 06 05 187.7997
2006 06 06 195.5988
2006 06 07 193.8534
2006 06 08 197.2589
2006 06 09 194.7464
2006 06 12 191.3607
2006 06 13 193.8609
2006 06 14 192.7901
2006 06 15 196.1054
2006 06 16 195.9549
2006 06 19 194.6709
2006 06 20 194.1844
2006 06 21 201.6876
2006 06 22 200.5942
2006 06 23 203.0568
2006 06 26 202.7358
2006 06 27 201.7829
2006 06 28 203.6838
2006 06 29 209.5519
2006 06 30 210.3142
2006 07 03 212.2552
2006 07 05 211.3825
2006 07 06 212.2502
2006 07 07 210.8760
2006 07 10 209.7475
2006 07 11 212.9373
2006 07 12 209.2710
2006 07 13 205.0480
2006 07 14 202.3747
2006 07 17 204.5765
2006 07 18 202.1490
2006 07 19 200.1177
2006 07 20 194.1594
2006 07 21 195.6580
2006 07 24 196.0552
2006 07 25 195.2828
2006 07 26 193.3468
2006 07 27 191.7920
2006 07 28 194.6609
2006 07 31 193.8985
2006 08 01 188.3364
2006 08 02 184.1836
2006 08 03 188.2762
2006 08 04 187.5038
2006 08 07 189.5602
2006 08 08 191.0899
2006 08 09 189.0536
2006 08 10 187.6793
2006 08 11 184.8205
2006 08 14 185.2870
2006 08 15 191.0748
2006 08 16 194.4603
2006 08 17 193.4973
2006 08 18 192.2735
2006 08 21 189.2341
2006 08 22 189.7307
2006 08 23 187.2932
2006 08 24 187.4436
2006 08 25 187.2079
2006 08 28 191.0648
2006 08 29 190.0617
2006 08 30 190.9645
2006 08 31 189.8511
2006 09 01 189.8862
2006 09 05 192.7751
2006 09 06 190.6585
2006 09 07 189.8310
2006 09 08 189.5100
2006 09 11 192.6397
2006 09 12 196.5568
2006 09 13 203.9145
2006 09 14 202.6155
2006 09 15 205.5746
2006 09 18 207.9870
2006 09 19 202.5302
2006 09 20 199.1146
2006 09 21 204.0549
2006 09 22 202.5151
2006 09 25 202.6155
2006 09 26 204.0649
2006 09 27 202.0838
2006 09 28 202.4148
2006 09 29 201.5722
2006 10 02 201.3415
2006 10 03 202.6455
2006 10 04 208.4936
2006 10 05 206.5426
2006 10 06 210.9010
2006 10 09 215.1642
2006 10 10 213.9856
2006 10 11 213.9103
2006 10 12 214.3818
2006 10 13 214.3116
2006 10 16 211.5280
2006 10 17 210.9712
2006 10 18 210.3042
2006 10 19 213.6896
2006 10 20 230.5467
2006 10 23 241.1344
2006 10 24 237.3878
2006 10 25 244.0539
2006 10 26 243.3010
2006 10 27 238.3357
2006 10 30 239.0228
2006 10 31 238.9326
2006 11 01 234.4738
2006 11 02 235.6825
2006 11 03 236.6295
2006 11 06 239.2134
2006 11 07 237.0166
2006 11 08 238.2354
2006 11 09 237.0467
2006 11 10 237.5082
2006 11 13 241.2597
2006 11 14 245.4075
2006 11 15 246.7266
2006 11 16 248.7178
2006 11 17 250.1672
2006 11 20 248.2915
2006 11 21 255.6141
2006 11 22 254.7915
2006 11 24 253.2819
2006 11 27 243.1255
2006 11 28 245.5079
2006 11 29 243.0754
2006 11 30 243.1556
2006 12 01 241.1444
2006 12 04 243.1757
2006 12 05 244.2540
2006 12 06 245.1116
2006 12 07 242.0672
2006 12 08 242.8045
2006 12 11 242.7142
2006 12 12 241.6359
2006 12 13 240.2366
2006 12 14 241.8064
2006 12 15 240.8936
2006 12 18 232.1165
2006 12 19 235.0405
2006 12 20 232.1667
2006 12 21 228.8063
2006 12 22 228.4953
2006 12 26 229.4734
2006 12 27 234.7396
2006 12 28 231.9961
2006 12 29 230.9529
2007 01 03 234.5189
2007 01 04 242.3782
2007 01 05 244.3493
2007 01 08 242.5387
2007 01 09 243.5017
2007 01 10 245.4878
2007 01 11 250.6337
2007 01 12 253.2819
2007 01 16 252.9207
2007 01 17 249.4099
2007 01 18 244.6703
2007 01 19 245.6332
2007 01 22 241.1645
2007 01 23 240.2667
2007 01 24 250.3077
2007 01 25 244.8007
2007 01 26 248.6877
2007 01 29 246.9975
2007 01 30 247.9253
2007 01 31 251.5264
2007 02 01 241.6209
2007 02 02 241.4955
2007 02 05 234.3033
2007 02 06 236.4700
2007 02 07 235.7327
2007 02 08 236.2443
2007 02 09 231.6601
2007 02 12 229.8545
2007 02 13 230.2608
2007 02 14 233.6864
2007 02 15 231.4495
2007 02 16 235.6976
2007 02 20 236.7809
2007 02 21 238.6667
2007 02 22 238.6617
2007 02 23 236.0386
2007 02 26 233.1848
2007 02 27 225.0798
2007 02 28 225.4209
2007 03 01 224.8090
2007 03 02 220.0192
2007 03 05 221.1552
2007 03 06 229.4834
2007 03 07 228.5254
2007 03 08 228.0640
2007 03 09 227.1813
2007 03 12 228.0791
2007 03 13 222.2009
2007 03 14 224.6936
2007 03 15 223.7858
2007 03 16 221.1075
2007 03 19 224.3074
2007 03 20 223.3294
2007 03 21 228.9818
2007 03 22 231.7353
2007 03 23 231.6300
2007 03 26 233.2199
2007 03 27 232.5278
2007 03 28 231.6551
2007 03 29 231.1736
2007 03 30 229.7893
2007 04 02 229.9749
2007 04 03 237.0317
2007 04 04 236.2392
2007 04 05 236.4850
2007 04 09 234.8299
2007 04 10 233.9722
2007 04 11 232.9842
2007 04 12 234.4186
2007 04 13 233.8669
2007 04 16 237.8693
2007 04 17 237.1320
2007 04 18 238.7420
2007 04 19 236.5552
2007 04 20 241.9870
2007 04 23 240.2817
2007 04 24 239.5043
2007 04 25 239.7350
2007 04 26 241.3350
2007 04 27 240.2466
2007 04 30 236.4198
2007 05 01 235.2261
2007 05 02 233.6111
2007 05 03 237.3477
2007 05 04 236.2894
2007 05 07 234.3584
2007 05 08 234.1277
2007 05 09 235.3515
2007 05 10 231.4495
2007 05 11 234.0926
2007 05 14 231.6049
2007 05 15 229.7091
2007 05 16 237.0367
2007 05 17 236.2092
2007 05 18 235.8882
2007 05 21 236.0286
2007 05 22 238.6667
2007 05 23 237.7188
2007 05 24 237.8994
2007 05 25 242.5086
2007 05 29 244.3092
2007 05 30 250.0719
2007 05 31 249.7254
2007 06 01 250.9732
2007 06 04 254.3201
2007 06 05 260.2233
2007 06 06 259.9274
2007 06 07 258.3274
2007 06 08 258.5431
2007 06 11 256.4617
2007 06 12 253.1665
2007 06 13 253.4022
2007 06 14 252.1985
2007 06 15 253.7282
2007 06 18 258.3976
2007 06 19 257.9513
2007 06 20 255.7746
2007 06 21 257.8510
2007 06 22 263.3028
2007 06 25 264.5266
2007 06 26 265.9510
2007 06 27 263.9598
2007 06 28 263.3178
2007 06 29 262.1593
2007 07 02 266.0112
2007 07 03 267.9973
2007 07 05 271.6536
2007 07 06 270.5351
2007 07 09 272.1200
2007 07 10 272.5112
2007 07 11 273.0780
2007 07 12 273.5093
2007 07 13 276.9349
2007 07 16 277.3512
2007 07 17 278.3593
2007 07 18 275.6008
2007 07 19 275.1443
2007 07 20 260.8653
2007 07 23 257.0485
2007 07 24 257.7958
2007 07 25 255.6692
2007 07 26 254.7865
2007 07 27 256.7375
2007 07 30 258.8541
2007 07 31 255.7896
2007 08 01 257.2641
2007 08 02 256.2962
2007 08 03 252.2788
2007 08 06 255.7896
2007 08 07 258.8089
2007 08 08 263.7040
2007 08 09 258.1619
2007 08 10 258.6735
2007 08 13 258.5481
2007 08 14 255.0874
2007 08 15 249.5453
2007 08 16 246.5210
2007 08 17 250.7942
2007 08 20 249.7309
2007 08 21 254.0893
2007 08 22 257.1689
2007 08 23 256.8880
2007 08 24 258.2973
2007 08 27 257.4246
2007 08 28 253.9840
2007 08 29 257.2341
2007 08 30 256.4918
2007 08 31 258.4227
2007 09 04 263.3881
2007 09 05 264.7172
2007 09 06 262.5705
2007 09 07 260.4791
2007 09 10 258.0365
2007 09 11 261.4721
2007 09 12 262.1342
2007 09 13 263.2025
2007 09 14 265.1936
2007 09 17 263.4633
2007 09 18 268.4637
2007 09 19 274.2717
2007 09 20 277.2709
2007 09 21 280.9172
2007 09 24 284.8894
2007 09 25 285.3809
2007 09 26 284.9596
2007 09 27 284.6286
2007 09 28 284.5133
2007 10 01 292.1769
2007 10 02 293.0998
2007 10 03 292.9141
2007 10 04 290.4115
2007 10 05 297.9447
2007 10 08 305.7538
2007 10 09 308.5449
2007 10 10 313.6632
2007 10 11 311.9630
2007 10 12 319.6818
2007 10 15 311.0151
2007 10 16 308.9537
2007 10 17 317.7208
2007 10 18 320.8003
2007 10 19 323.3532
2007 10 22 326.3825
2007 10 23 338.9312
2007 10 24 338.9563
2007 10 25 335.2900
2007 10 26 338.3444
2007 10 29 340.6666
2007 10 30 348.4607
2007 10 31 354.5946
2007 11 01 352.6937
2007 11 02 356.7262
2007 11 05 363.9485
2007 11 06 372.0435
2007 11 07 367.6047
2007 11 08 347.9942
2007 11 09 333.0130
2007 11 12 317.0136
2007 11 13 331.2977
2007 11 14 321.8335
2007 11 15 315.7998
2007 11 16 317.7960
2007 11 19 313.8940
2007 11 20 325.2741
2007 11 21 331.2826
2007 11 23 339.3977
2007 11 26 334.0311
2007 11 27 337.8278
2007 11 28 347.2018
2007 11 29 349.5791
2007 11 30 347.5729
2007 12 03 341.8202
2007 12 04 343.1392
2007 12 05 350.3365
2007 12 06 358.7374
2007 12 07 358.5418
2007 12 10 360.3223
2007 12 11 350.6845
2007 12 12 350.7578
2007 12 13 348.0995
2007 12 14 346.0482
2007 12 17 335.6511
2007 12 18 337.7175
2007 12 19 339.7337
2007 12 20 345.9128
2007 12 21 349.4236
2007 12 24 351.4499
2007 12 26 356.5205
2007 12 27 351.4549
2007 12 28 352.3527
2007 12 31 346.8106
2008 01 02 343.6558
2008 01 03 343.7260
2008 01 04 329.5172
2008 01 07 325.6302
2008 01 08 316.8179
2008 01 09 327.6113
2008 01 10 324.3663
2008 01 11 320.1132
2008 01 14 327.9223
2008 01 15 319.8122
2008 01 16 308.9286
2008 01 17 301.3252
2008 01 18 301.0543
2008 01 22 293.0797
2008 01 23 275.1594
2008 01 24 288.1344
2008 01 25 284.0769
2008 01 28 278.8508
2008 01 29 276.1123
2008 01 30 274.9838
2008 01 31 283.0237
2008 02 01 258.7487
2008 02 04 248.4820
2008 02 05 254.1844
2008 02 06 251.6318
2008 02 07 253.2568
2008 02 08 259.1450
2008 02 11 261.3869
2008 02 12 259.8471
2008 02 13 268.1377
2008 02 14 266.9490
2008 02 15 265.6400
2008 02 19 255.2630
2008 02 20 255.2880
2008 02 21 252.2085
2008 02 22 254.6862
2008 02 25 243.9731
2008 02 26 232.8137
2008 02 27 237.1621
2008 02 28 238.4310
2008 02 29 236.3195
2008 03 03 229.2176
2008 03 04 222.9883
2008 03 05 224.5431
2008 03 06 217.0199
2008 03 07 217.3459
2008 03 10 207.4504
2008 03 11 220.6009
2008 03 12 220.7715
2008 03 13 222.1909
2008 03 14 219.6380
2008 03 17 210.5851
2008 03 18 220.2599
2008 03 19 216.6688
2008 03 20 217.4462
2008 03 24 230.9931
2008 03 25 226.0879
2008 03 26 229.8044
2008 03 27 222.7275
2008 03 28 219.7182
2008 03 31 220.9169
2008 04 01 233.5760
2008 04 02 233.5710
2008 04 03 228.2646
2008 04 04 236.2744
2008 04 07 239.1482
2008 04 08 234.6293
2008 04 09 232.8137
2008 04 10 235.2662
2008 04 11 229.4332
2008 04 14 226.5293
2008 04 15 224.1118
2008 04 16 228.2195
2008 04 17 225.4660
2008 04 18 270.5401
2008 04 21 269.7276
2008 04 22 278.3593
2008 04 23 274.0911
2008 04 24 272.3608
2008 04 25 272.8723
2008 04 28 276.9148
2008 04 29 280.0996
2008 04 30 288.0341
2008 05 01 297.4582
2008 05 02 291.5450
2008 05 05 298.3710
2008 05 06 294.0878
2008 05 07 290.3964
2008 05 08 292.4076
2008 05 09 287.4874
2008 05 12 293.3756
2008 05 13 292.4026
2008 05 14 289.0422
2008 05 15 291.3995
2008 05 16 290.9331
2008 05 19 289.6541
2008 05 20 290.1958
2008 05 21 275.8465
2008 05 22 275.5807
2008 05 23 273.1532
2008 05 27 281.3184
2008 05 28 284.9998
2008 05 29 292.4026
2008 05 30 293.8070
2008 06 02 288.3902
2008 06 03 284.5283
2008 06 04 286.9959
2008 06 05 294.0577
2008 06 06 284.3778
2008 06 09 279.7987
2008 06 10 277.9430
2008 06 11 273.4441
2008 06 12 277.3311
2008 06 13 286.6398
2008 06 16 287.2918
2008 06 17 285.6117
2008 06 18 282.0607
2008 06 19 280.9673
2008 06 20 274.0610
2008 06 23 273.4491
2008 06 24 271.9896
2008 06 25 276.3531
2008 06 26 265.2287
2008 06 27 264.8526
2008 06 30 264.0250
2008 07 01 268.1929
2008 07 02 264.3360
2008 07 03 269.3314
2008 07 07 272.7971
2008 07 08 278.1235
2008 07 09 271.6134
2008 07 10 271.1219
2008 07 11 267.7264
2008 07 14 261.6176
2008 07 15 258.8440
2008 07 16 268.6292
2008 07 17 267.5459
2008 07 18 241.4052
2008 07 21 235.1258
2008 07 22 239.2937
2008 07 23 245.3674
2008 07 24 238.5464
2008 07 25 246.7517
2008 07 28 239.2987
2008 07 29 242.3030
2008 07 30 242.0973
2008 07 31 237.6085
2008 08 01 234.6544
2008 08 04 232.2168
2008 08 05 240.6679
2008 08 06 243.9230
2008 08 07 240.3018
2008 08 08 248.2714
2008 08 11 251.1954
2008 08 12 252.0832
2008 08 13 250.7892
2008 08 14 253.5276
2008 08 15 255.8648
2008 08 18 249.9215
2008 08 19 246.0094
2008 08 20 243.2509
2008 08 21 244.0183
2008 08 22 246.0545
2008 08 25 242.2528
2008 08 26 237.8141
2008 08 27 235.0155
2008 08 28 237.6235
2008 08 29 232.3623
2008 09 02 233.3453
2008 09 03 232.9240
2008 09 04 225.8271
2008 09 05 222.8128
2008 09 08 210.6252
2008 09 09 209.9782
2008 09 10 207.7212
2008 09 11 217.5465
