4178
2004 08 19 50.3228
2004 08 20 54.3227
2004 08 23 54.8694
2004 08 24 52.5974
2004 08 25 53.1641
2004 08 26 54.1221
2004 08 27 53.2393
2004 08 30 51.1629
2004 08 31 51.3435
2004 09 01 50.2802
2004 09 02 50.9122
2004 09 03 50.1598
2004 09 07 50.9473
2004 09 08 51.3084
2004 09 09 51.3134
2004 09 10 52.8281
2004 09 13 53.9164
2004 09 14 55.9176
2004 09 15 56.1734
2004 09 16 57.1615
2004 09 17 58.9269
2004 09 20 59.8648
2004 09 21 59.1024
2004 09 22 59.3733
2004 09 23 60.5971
2004 09 24 60.1005
2004 09 27 59.3131
2004 09 28 63.6264
2004 09 29 65.7429
2004 09 30 65.0007
2004 10 01 66.4953
2004 10 04 67.7391
2004 10 05 69.3992
2004 10 06 68.7522
2004 10 07 69.6400
2004 10 08 69.0782
2004 10 11 67.8394
2004 10 12 68.9127
2004 10 13 70.6681
2004 10 14 71.2198
2004 10 15 72.2781
2004 10 18 74.8109
2004 10 19 74.1990
2004 10 20 70.4625
2004 10 21 74.9213
2004 10 22 86.4820
2004 10 25 93.9901
2004 10 26 91.1815
2004 10 27 93.2729
2004 10 28 96.9493
2004 10 29 95.6152
2004 11 01 98.3185
2004 11 02 97.7367
2004 11 03 96.1317
2004 11 04 92.6360
2004 11 05 84.9372
2004 11 08 86.5421
2004 11 09 84.6112
2004 11 10 84.1899
2004 11 11 91.7934
2004 11 12 91.2818
2004 11 15 92.7212
2004 11 16 86.5396
2004 11 17 86.5171
2004 11 18 84.0294
2004 11 19 84.9623
2004 11 22 82.8056
2004 11 23 84.0194
2004 11 24 87.6506
2004 11 26 89.9727
2004 11 29 90.8053
2004 11 30 91.2717
2004 12 01 90.2586
2004 12 02 89.9778
2004 12 03 90.4793
2004 12 06 88.4179
2004 12 07 85.9804
2004 12 08 85.2532
2004 12 09 86.9835
2004 12 10 86.0908
2004 12 13 85.4889
2004 12 14 89.6217
2004 12 15 90.1683
2004 12 16 88.5082
2004 12 17 90.3188
2004 12 20 92.7965
2004 12 21 92.1595
2004 12 22 93.4384
2004 12 23 94.2409
2004 12 27 96.2521
2004 12 28 96.6784
2004 12 29 96.7487
2004 12 30 99.1059
2004 12 31 96.6935
2005 01 03 101.6688
2005 01 04 97.5511
2005 01 05 97.0546
2005 01 06 94.5669
2005 01 07 97.2251
2005 01 10 97.8320
2005 01 11 97.0696
2005 01 12 97.9925
2005 01 13 97.9674
2005 01 14 100.2946
2005 01 18 102.2657
2005 01 19 98.9555
2005 01 20 97.2602
2005 01 21 94.4315
2005 01 24 90.6398
2005 01 25 88.8342
2005 01 26 94.9130
2005 01 27 94.3312
2005 01 28 95.4647
2005 01 31 98.1129
2005 02 01 96.2471
2005 02 02 103.2989
2005 02 03 105.7565
2005 02 04 102.4964
2005 02 07 98.3185
2005 02 08 99.6275
2005 02 09 96.0866
2005 02 10 94.2810
2005 02 11 93.9901
2005 02 14 96.7938
2005 02 15 97.9173
2005 02 16 99.5122
2005 02 17 99.2564
2005 02 18 99.2815
2005 02 22 95.9813
2005 02 23 97.2753
2005 02 24 94.7374
2005 02 25 93.2228
2005 02 28 94.2861
2005 03 01 93.3181
2005 03 02 92.8767
2005 03 03 93.7920
2005 03 04 93.2378
2005 03 07 94.6973
2005 03 08 92.8867
2005 03 09 90.9558
2005 03 10 90.2687
2005 03 11 89.1753
2005 03 14 87.7659
2005 03 15 89.5815
2005 03 16 88.0719
2005 03 17 89.9226
2005 03 18 90.2987
2005 03 21 90.7200
2005 03 22 89.5765
2005 03 23 89.7671
2005 03 24 89.9025
2005 03 28 90.9909
2005 03 29 90.0630
2005 03 30 90.5044
2005 03 31 90.5345
2005 04 01 90.2987
2005 04 04 92.9319
2005 04 05 94.5769
2005 04 06 94.9030
2005 04 07 97.1800
2005 04 08 96.3223
2005 04 11 96.9142
2005 04 12 97.2778
2005 04 13 96.7637
2005 04 14 96.0214
2005 04 15 92.7864
2005 04 18 93.7745
2005 04 19 95.9963
2005 04 20 99.3567
2005 04 21 102.6920
2005 04 22 108.2391
2005 04 25 112.1111
2005 04 26 109.7137
2005 04 27 110.2303
2005 04 28 110.0648
2005 04 29 110.3406
2005 05 02 111.4892
2005 05 03 113.4452
2005 05 04 114.6038
2005 05 05 113.8414
2005 05 06 114.3630
2005 05 09 113.3599
2005 05 10 114.2527
2005 05 11 116.0031
2005 05 12 114.7141
2005 05 13 114.9749
2005 05 16 115.8827
2005 05 17 116.9259
2005 05 18 119.9503
2005 05 19 119.9603
2005 05 20 121.1791
2005 05 23 128.1205
2005 05 24 128.3963
2005 05 25 130.8088
2005 05 26 130.0013
2005 05 27 133.4118
2005 05 31 139.0643
2005 06 01 144.4459
2005 06 02 144.3957
2005 06 03 140.5639
2005 06 06 145.9204
2005 06 07 147.0138
2005 06 08 140.2128
2005 06 09 143.5983
2005 06 10 141.6874
2005 06 13 141.8128
2005 06 14 139.6060
2005 06 15 137.8255
2005 06 16 139.1495
2005 06 17 140.5840
2005 06 20 143.7939
2005 06 21 144.3656
2005 06 22 145.0979
2005 06 23 145.3035
2005 06 24 149.0852
2005 06 27 152.5208
2005 06 28 151.4676
2005 06 29 146.8132
2005 06 30 147.5304
2005 07 01 146.0759
2005 07 05 148.3128
2005 07 06 146.2138
2005 07 07 148.2276
2005 07 08 148.5736
2005 07 11 147.1292
2005 07 12 146.3437
2005 07 13 149.8927
2005 07 14 150.9108
2005 07 15 151.0613
2005 07 18 150.2338
2005 07 19 155.4298
2005 07 20 156.4830
2005 07 21 157.4561
2005 07 22 151.6682
2005 07 25 148.3830
2005 07 26 148.5034
2005 07 27 148.9247
2005 07 28 147.2044
2005 07 29 144.3255
2005 08 01 146.2564
2005 08 02 150.0582
2005 08 03 149.1103
2005 08 04 149.3260
2005 08 05 146.6276
2005 08 08 146.0759
2005 08 09 146.2364
2005 08 10 143.2823
2005 08 11 142.4648
2005 08 12 145.3091
2005 08 15 142.4397
2005 08 16 143.2673
2005 08 17 142.9914
2005 08 18 140.4285
2005 08 19 140.4335
2005 08 22 137.4292
2005 08 23 140.2229
2005 08 24 141.7225
2005 08 25 141.7325
2005 08 26 142.2290
2005 08 29 144.6716
2005 08 30 144.0798
2005 08 31 143.4428
2005 09 01 143.5682
2005 09 02 144.6716
2005 09 06 143.9995
2005 09 07 147.8915
2005 09 08 148.1523
2005 09 09 150.0081
2005 09 12 155.3495
2005 09 13 156.3226
2005 09 14 151.9691
2005 09 15 151.7785
2005 09 16 150.5648
2005 09 19 152.3653
2005 09 20 154.4317
2005 09 21 156.4329
2005 09 22 156.1671
2005 09 23 158.1683
2005 09 26 157.6266
2005 09 27 157.4561
2005 09 28 153.4738
2005 09 29 155.2894
2005 09 30 158.7200
2005 10 03 159.8334
2005 10 04 155.9815
2005 10 05 155.8361
2005 10 06 156.8592
2005 10 07 156.9796
2005 10 10 155.8060
2005 10 11 153.5239
2005 10 12 150.9510
2005 10 13 149.1805
2005 10 14 148.5285
2005 10 17 152.9722
2005 10 18 152.1095
2005 10 19 154.8279
2005 10 20 152.0694
2005 10 21 170.4762
2005 10 24 174.8648
2005 10 25 173.9921
2005 10 26 178.2703
2005 10 27 177.0766
2005 10 28 179.6395
2005 10 31 186.6462
2005 11 01 190.2774
2005 11 02 190.4278
2005 11 03 193.5725
2005 11 04 195.8195
2005 11 07 198.1266
2005 11 08 195.5537
2005 11 09 190.1620
2005 11 10 196.1555
2005 11 11 195.8044
2005 11 14 199.0996
2005 11 15 197.0081
2005 11 16 199.6914
2005 11 17 202.3496
2005 11 18 200.7246
2005 11 21 205.3138
2005 11 22 208.8798
2005 11 23 212.0847
2005 11 25 214.9736
2005 11 28 212.3956
2005 11 29 202.3948
2005 11 30 203.0831
2005 12 01 207.6862
2005 12 02 209.4967
2005 12 05 203.5533
2005 12 06 202.8963
2005 12 07 202.7358
2005 12 08 205.9608
2005 12 09 205.2335
2005 12 12 206.9448
2005 12 13 209.3914
2005 12 14 210.1286
2005 12 15 211.9192
2005 12 16 215.7410
2005 12 19 212.9574
2005 12 20 215.5353
2005 12 21 213.8251
2005 12 22 216.6889
2005 12 23 216.1322
2005 12 27 212.9774
2005 12 28 214.0056
2005 12 29 210.7255
2005 12 30 208.0723
2006 01 03 218.2888
2006 01 04 223.3093
2006 01 05 226.3186
2006 01 06 233.5509
2006 01 09 234.1729
2006 01 10 235.6073
2006 01 11 236.5452
2006 01 12 232.5328
2006 01 13 233.8469
2006 01 17 234.2782
2006 01 18 223.1438
2006 01 19 218.8982
2006 01 20 200.3485
2006 01 23 214.4119
2006 01 24 222.2009
2006 01 25 217.1704
2006 01 26 217.8048
2006 01 27 217.4161
2006 01 30 214.0708
2006 01 31 216.9999
2006 02 01 201.5120
2006 02 02 198.6332
2006 02 03 191.3682
2006 02 06 193.1462
2006 02 07 184.5296
2006 02 08 185.1114
2006 02 09 179.9405
2006 02 10 181.8664
2006 02 13 173.3852
2006 02 14 172.1915
2006 02 15 171.7201
2006 02 16 183.7974
2006 02 17 184.9459
2006 02 21 183.8626
2006 02 22 183.3109
2006 02 23 189.6203
2006 02 24 189.2843
2006 02 27 195.7919
2006 02 28 181.8714
2006 03 01 182.9648
2006 03 02 188.8078
2006 03 03 189.6755
2006 03 06 184.6199
2006 03 07 182.7893
2006 03 08 177.4879
2006 03 09 172.0310
2006 03 10 169.2725
2006 03 13 169.0518
2006 03 14 176.1237
2006 03 15 172.7834
2006 03 16 169.9095
2006 03 17 170.4211
2006 03 20 174.6341
2006 03 21 170.4863
2006 03 22 170.6367
2006 03 23 171.4743
2006 03 24 183.4663
2006 03 27 185.4174
2006 03 28 189.1840
2006 03 29 198.1015
2006 03 30 194.8214
2006 03 31 195.6038
2006 04 03 195.4533
2006 04 04 202.7960
2006 04 05 204.6267
2006 04 06 206.2266
2006 04 07 203.7088
2006 04 10 208.8347
2006 04 11 205.4642
2006 04 12 205.1081
2006 04 13 201.7026
2006 04 17 204.0399
2006 04 18 202.7459
2006 04 19 205.8855
2006 04 20 208.1425
2006 04 21 219.2267
2006 04 24 220.9320
2006 04 25 214.2413
2006 04 26 213.6445
2006 04 27 210.6653
2006 04 28 209.6171
2006 05 01 200.0676
2006 05 02 198.0112
2006 05 03 197.6953
2006 05 04 197.9862
2006 05 05 197.7605
2006 05 08 198.0012
2006 05 09 205.0329
2006 05 10 202.1139
2006 05 11 194.0992
2006 05 12 187.6442
2006 05 15 188.6824
2006 05 16 186.2249
2006 05 17 187.8298
2006 05 18 186.0694
2006 05 19 185.5829
2006 05 22 186.0493
2006 05 23 188.3715
2006 05 24 191.2153
2006 05 25 192.0880
2006 05 26 191.2654
2006 05 30 186.5458
2006 05 31 186.4857
2006 06 01 191.9024
2006 06 02 190.3075
2006 06 05 187.7997
2006 06 06 195.5988
2006 06 07 193.8534
2006 06 08 197.2589
2006 06 09 194.7464
2006 06 12 191.3607
2006 06 13 193.8609
2006 06 14 192.7901
2006 06 15 196.1054
2006 06 16 195.9549
2006 06 19 194.6709
2006 06 20 194.1844
2006 06 21 201.6876
2006 06 22 200.5942
2006 06 23 203.0568
2006 06 26 202.7358
2006 06 27 201.7829
2006 06 28 203.6838
2006 06 29 209.5519
2006 06 30 210.3142
2006 07 03 212.2552
2006 07 05 211.3825
2006 07 06 212.2502
2006 07 07 210.8760
2006 07 10 209.7475
2006 07 11 212.9373
2006 07 12 209.2710
2006 07 13 205.0480
2006 07 14 202.3747
2006 07 17 204.5765
2006 07 18 202.1490
2006 07 19 200.1177
2006 07 20 194.1594
2006 07 21 195.6580
2006 07 24 196.0552
2006 07 25 195.2828
2006 07 26 193.3468
2006 07 27 191.7920
2006 07 28 194.6609
2006 07 31 193.8985
2006 08 01 188.3364
2006 08 02 184.1836
2006 08 03 188.2762
2006 08 04 187.5038
2006 08 07 189.5602
2006 08 08 191.0899
2006 08 09 189.0536
2006 08 10 187.6793
2006 08 11 184.8205
2006 08 14 185.2870
2006 08 15 191.0748
2006 08 16 194.4603
2006 08 17 193.4973
2006 08 18 192.2735
2006 08 21 189.2341
2006 08 22 189.7307
2006 08 23 187.2932
2006 08 24 187.4436
2006 08 25 187.2079
2006 08 28 191.0648
2006 08 29 190.0617
2006 08 30 190.9645
2006 08 31 189.8511
2006 09 01 189.8862
2006 09 05 192.7751
2006 09 06 190.6585
2006 09 07 189.8310
2006 09 08 189.5100
2006 09 11 192.6397
2006 09 12 196.5568
2006 09 13 203.9145
2006 09 14 202.6155
2006 09 15 205.5746
2006 09 18 207.9870
2006 09 19 202.5302
2006 09 20 199.1146
2006 09 21 204.0549
2006 09 22 202.5151
2006 09 25 202.6155
2006 09 26 204.0649
2006 09 27 202.0838
2006 09 28 202.4148
2006 09 29 201.5722
2006 10 02 201.3415
2006 10 03 202.6455
2006 10 04 208.4936
2006 10 05 206.5426
2006 10 06 210.9010
2006 10 09 215.1642
2006 10 10 213.9856
2006 10 11 213.9103
2006 10 12 214.3818
2006 10 13 214.3116
2006 10 16 211.5280
2006 10 17 210.9712
2006 10 18 210.3042
2006 10 19 213.6896
2006 10 20 230.5467
2006 10 23 241.1344
2006 10 24 237.3878
2006 10 25 244.0539
2006 10 26 243.3010
2006 10 27 238.3357
2006 10 30 239.0228
2006 10 31 238.9326
2006 11 01 234.4738
2006 11 02 235.6825
2006 11 03 236.6295
2006 11 06 239.2134
2006 11 07 237.0166
2006 11 08 238.2354
2006 11 09 237.0467
2006 11 10 237.5082
2006 11 13 241.2597
2006 11 14 245.4075
2006 11 15 246.7266
2006 11 16 248.7178
2006 11 17 250.1672
2006 11 20 248.2915
2006 11 21 255.6141
2006 11 22 254.7915
2006 11 24 253.2819
2006 11 27 243.1255
2006 11 28 245.5079
2006 11 29 243.0754
2006 11 30 243.1556
2006 12 01 241.1444
2006 12 04 243.1757
2006 12 05 244.2540
2006 12 06 245.1116
2006 12 07 242.0672
2006 12 08 242.8045
2006 12 11 242.7142
2006 12 12 241.6359
2006 12 13 240.2366
2006 12 14 241.8064
2006 12 15 240.8936
2006 12 18 232.1165
2006 12 19 235.0405
2006 12 20 232.1667
2006 12 21 228.8063
2006 12 22 228.4953
2006 12 26 229.4734
2006 12 27 234.7396
2006 12 28 231.9961
2006 12 29 230.9529
2007 01 03 234.5189
2007 01 04 242.3782
2007 01 05 244.3493
2007 01 08 242.5387
2007 01 09 243.5017
2007 01 10 245.4878
2007 01 11 250.6337
2007 01 12 253.2819
2007 01 16 252.9207
2007 01 17 249.4099
2007 01 18 244.6703
2007 01 19 245.6332
2007 01 22 241.1645
2007 01 23 240.2667
2007 01 24 250.3077
2007 01 25 244.8007
2007 01 26 248.6877
2007 01 29 246.9975
2007 01 30 247.9253
2007 01 31 251.5264
2007 02 01 241.6209
2007 02 02 241.4955
2007 02 05 234.3033
2007 02 06 236.4700
2007 02 07 235.7327
2007 02 08 236.2443
2007 02 09 231.6601
2007 02 12 229.8545
2007 02 13 230.2608
2007 02 14 233.6864
2007 02 15 231.4495
2007 02 16 235.6976
2007 02 20 236.7809
2007 02 21 238.6667
2007 02 22 238.6617
2007 02 23 236.0386
2007 02 26 233.1848
2007 02 27 225.0798
2007 02 28 225.4209
2007 03 01 224.8090
2007 03 02 220.0192
2007 03 05 221.1552
2007 03 06 229.4834
2007 03 07 228.5254
2007 03 08 228.0640
2007 03 09 227.1813
2007 03 12 228.0791
2007 03 13 222.2009
2007 03 14 224.6936
2007 03 15 223.7858
2007 03 16 221.1075
2007 03 19 224.3074
2007 03 20 223.3294
2007 03 21 228.9818
2007 03 22 231.7353
2007 03 23 231.6300
2007 03 26 233.2199
2007 03 27 232.5278
2007 03 28 231.6551
2007 03 29 231.1736
2007 03 30 229.7893
2007 04 02 229.9749
2007 04 03 237.0317
2007 04 04 236.2392
2007 04 05 236.4850
2007 04 09 234.8299
2007 04 10 233.9722
2007 04 11 232.9842
2007 04 12 234.4186
2007 04 13 233.8669
2007 04 16 237.8693
2007 04 17 237.1320
2007 04 18 238.7420
2007 04 19 236.5552
2007 04 20 241.9870
2007 04 23 240.2817
2007 04 24 239.5043
2007 04 25 239.7350
2007 04 26 241.3350
2007 04 27 240.2466
2007 04 30 236.4198
2007 05 01 235.2261
2007 05 02 233.6111
2007 05 03 237.3477
2007 05 04 236.2894
2007 05 07 234.3584
2007 05 08 234.1277
2007 05 09 235.3515
2007 05 10 231.4495
2007 05 11 234.0926
2007 05 14 231.6049
2007 05 15 229.7091
2007 05 16 237.0367
2007 05 17 236.2092
2007 05 18 235.8882
2007 05 21 236.0286
2007 05 22 238.6667
2007 05 23 237.7188
2007 05 24 237.8994
2007 05 25 242.5086
2007 05 29 244.3092
2007 05 30 250.0719
2007 05 31 249.7254
2007 06 01 250.9732
2007 06 04 254.3201
2007 06 05 260.2233
2007 06 06 259.9274
2007 06 07 258.3274
2007 06 08 258.5431
2007 06 11 256.4617
2007 06 12 253.1665
2007 06 13 253.4022
2007 06 14 252.1985
2007 06 15 253.7282
2007 06 18 258.3976
2007 06 19 257.9513
2007 06 20 255.7746
2007 06 21 257.8510
2007 06 22 263.3028
2007 06 25 264.5266
2007 06 26 265.9510
2007 06 27 263.9598
2007 06 28 263.3178
2007 06 29 262.1593
2007 07 02 266.0112
2007 07 03 267.9973
2007 07 05 271.6536
2007 07 06 270.5351
2007 07 09 272.1200
2007 07 10 272.5112
2007 07 11 273.0780
2007 07 12 273.5093
2007 07 13 276.9349
2007 07 16 277.3512
2007 07 17 278.3593
2007 07 18 275.6008
2007 07 19 275.1443
2007 07 20 260.8653
2007 07 23 257.0485
2007 07 24 257.7958
2007 07 25 255.6692
2007 07 26 254.7865
2007 07 27 256.7375
2007 07 30 258.8541
2007 07 31 255.7896
2007 08 01 257.2641
2007 08 02 256.2962
2007 08 03 252.2788
2007 08 06 255.7896
2007 08 07 258.8089
2007 08 08 263.7040
2007 08 09 258.1619
2007 08 10 258.6735
2007 08 13 258.5481
2007 08 14 255.0874
2007 08 15 249.5453
2007 08 16 246.5210
2007 08 17 250.7942
2007 08 20 249.7309
2007 08 21 254.0893
2007 08 22 257.1689
2007 08 23 256.8880
2007 08 24 258.2973
2007 08 27 257.4246
2007 08 28 253.9840
2007 08 29 257.2341
2007 08 30 256.4918
2007 08 31 258.4227
2007 09 04 263.3881
2007 09 05 264.7172
2007 09 06 262.5705
2007 09 07 260.4791
2007 09 10 258.0365
2007 09 11 261.4721
2007 09 12 262.1342
2007 09 13 263.2025
2007 09 14 265.1936
2007 09 17 263.4633
2007 09 18 268.4637
2007 09 19 274.2717
2007 09 20 277.2709
2007 09 21 280.9172
2007 09 24 284.8894
2007 09 25 285.3809
2007 09 26 284.9596
2007 09 27 284.6286
2007 09 28 284.5133
2007 10 01 292.1769
2007 10 02 293.0998
2007 10 03 292.9141
2007 10 04 290.4115
2007 10 05 297.9447
2007 10 08 305.7538
2007 10 09 308.5449
2007 10 10 313.6632
2007 10 11 311.9630
2007 10 12 319.6818
2007 10 15 311.0151
2007 10 16 308.9537
2007 10 17 317.7208
2007 10 18 320.8003
2007 10 19 323.3532
2007 10 22 326.3825
2007 10 23 338.9312
2007 10 24 338.9563
2007 10 25 335.2900
2007 10 26 338.3444
2007 10 29 340.6666
2007 10 30 348.4607
2007 10 31 354.5946
2007 11 01 352.6937
2007 11 02 356.7262
2007 11 05 363.9485
2007 11 06 372.0435
2007 11 07 367.6047
2007 11 08 347.9942
2007 11 09 333.0130
2007 11 12 317.0136
2007 11 13 331.2977
2007 11 14 321.8335
2007 11 15 315.7998
2007 11 16 317.7960
2007 11 19 313.8940
2007 11 20 325.2741
2007 11 21 331.2826
2007 11 23 339.3977
2007 11 26 334.0311
2007 11 27 337.8278
2007 11 28 347.2018
2007 11 29 349.5791
2007 11 30 347.5729
2007 12 03 341.8202
2007 12 04 343.1392
2007 12 05 350.3365
2007 12 06 358.7374
2007 12 07 358.5418
2007 12 10 360.3223
2007 12 11 350.6845
2007 12 12 350.7578
2007 12 13 348.0995
2007 12 14 346.0482
2007 12 17 335.6511
2007 12 18 337.7175
2007 12 19 339.7337
2007 12 20 345.9128
2007 12 21 349.4236
2007 12 24 351.4499
2007 12 26 356.5205
2007 12 27 351.4549
2007 12 28 352.3527
2007 12 31 346.8106
2008 01 02 343.6558
2008 01 03 343.7260
2008 01 04 329.5172
2008 01 07 325.6302
2008 01 08 316.8179
2008 01 09 327.6113
2008 01 10 324.3663
2008 01 11 320.1132
2008 01 14 327.9223
2008 01 15 319.8122
2008 01 16 308.9286
2008 01 17 301.3252
2008 01 18 301.0543
2008 01 22 293.0797
2008 01 23 275.1594
2008 01 24 288.1344
2008 01 25 284.0769
2008 01 28 278.8508
2008 01 29 276.1123
2008 01 30 274.9838
2008 01 31 283.0237
2008 02 01 258.7487
2008 02 04 248.4820
2008 02 05 254.1844
2008 02 06 251.6318
2008 02 07 253.2568
2008 02 08 259.1450
2008 02 11 261.3869
2008 02 12 259.8471
2008 02 13 268.1377
2008 02 14 266.9490
2008 02 15 265.6400
2008 02 19 255.2630
2008 02 20 255.2880
2008 02 21 252.2085
2008 02 22 254.6862
2008 02 25 243.9731
2008 02 26 232.8137
2008 02 27 237.1621
2008 02 28 238.4310
2008 02 29 236.3195
2008 03 03 229.2176
2008 03 04 222.9883
2008 03 05 224.5431
2008 03 06 217.0199
2008 03 07 217.3459
2008 03 10 207.4504
2008 03 11 220.6009
2008 03 12 220.7715
2008 03 13 222.1909
2008 03 14 219.6380
2008 03 17 210.5851
2008 03 18 220.2599
2008 03 19 216.6688
2008 03 20 217.4462
2008 03 24 230.9931
2008 03 25 226.0879
2008 03 26 229.8044
2008 03 27 222.7275
2008 03 28 219.7182
2008 03 31 220.9169
2008 04 01 233.5760
2008 04 02 233.5710
2008 04 03 228.2646
2008 04 04 236.2744
2008 04 07 239.1482
2008 04 08 234.6293
2008 04 09 232.8137
2008 04 10 235.2662
2008 04 11 229.4332
2008 04 14 226.5293
2008 04 15 224.1118
2008 04 16 228.2195
2008 04 17 225.4660
2008 04 18 270.5401
2008 04 21 269.7276
2008 04 22 278.3593
2008 04 23 274.0911
2008 04 24 272.3608
2008 04 25 272.8723
2008 04 28 276.9148
2008 04 29 280.0996
2008 04 30 288.0341
2008 05 01 297.4582
2008 05 02 291.5450
2008 05 05 298.3710
2008 05 06 294.0878
2008 05 07 290.3964
2008 05 08 292.4076
2008 05 09 287.4874
2008 05 12 293.3756
2008 05 13 292.4026
2008 05 14 289.0422
2008 05 15 291.3995
2008 05 16 290.9331
2008 05 19 289.6541
2008 05 20 290.1958
2008 05 21 275.8465
2008 05 22 275.5807
2008 05 23 273.1532
2008 05 27 281.3184
2008 05 28 284.9998
2008 05 29 292.4026
2008 05 30 293.8070
2008 06 02 288.3902
2008 06 03 284.5283
2008 06 04 286.9959
2008 06 05 294.0577
2008 06 06 284.3778
2008 06 09 279.7987
2008 06 10 277.9430
2008 06 11 273.4441
2008 06 12 277.3311
2008 06 13 286.6398
2008 06 16 287.2918
2008 06 17 285.6117
2008 06 18 282.0607
2008 06 19 280.9673
2008 06 20 274.0610
2008 06 23 273.4491
2008 06 24 271.9896
2008 06 25 276.3531
2008 06 26 265.2287
2008 06 27 264.8526
2008 06 30 264.0250
2008 07 01 268.1929
2008 07 02 264.3360
2008 07 03 269.3314
2008 07 07 272.7971
2008 07 08 278.1235
2008 07 09 271.6134
2008 07 10 271.1219
2008 07 11 267.7264
2008 07 14 261.6176
2008 07 15 258.8440
2008 07 16 268.6292
2008 07 17 267.5459
2008 07 18 241.4052
2008 07 21 235.1258
2008 07 22 239.2937
2008 07 23 245.3674
2008 07 24 238.5464
2008 07 25 246.7517
2008 07 28 239.2987
2008 07 29 242.3030
2008 07 30 242.0973
2008 07 31 237.6085
2008 08 01 234.6544
2008 08 04 232.2168
2008 08 05 240.6679
2008 08 06 243.9230
2008 08 07 240.3018
2008 08 08 248.2714
2008 08 11 251.1954
2008 08 12 252.0832
2008 08 13 250.7892
2008 08 14 253.5276
2008 08 15 255.8648
2008 08 18 249.9215
2008 08 19 246.0094
2008 08 20 243.2509
2008 08 21 244.0183
2008 08 22 246.0545
2008 08 25 242.2528
2008 08 26 237.8141
2008 08 27 235.0155
2008 08 28 237.6235
2008 08 29 232.3623
2008 09 02 233.3453
2008 09 03 232.9240
2008 09 04 225.8271
2008 09 05 222.8128
2008 09 08 210.6252
2008 09 09 209.9782
2008 09 10 207.7212
2008 09 11 217.5465
2008 09 12 219.5076
2008 09 15 217.6017
2008 09 16 222.1508
2008 09 17 207.8867
2008 09 18 220.2198
2008 09 19 225.2704
2008 09 22 215.7360
2008 09 23 215.2996
2008 09 24 218.2287
2008 09 25 220.4806
2008 09 26 216.1873
2008 09 29 191.0899
2008 09 30 200.8801
2008 10 01 206.4974
2008 10 02 195.8496
2008 10 03 194.0540
2008 10 06 186.1797
2008 10 07 173.5407
2008 10 08 169.5785
2008 10 09 164.9993
2008 10 10 166.5140
2008 10 13 191.0999
2008 10 14 181.9166
2008 10 15 170.1101
2008 10 16 177.0566
2008 10 17 186.8468
2008 10 20 190.2473
2008 10 21 181.9366
2008 10 22 178.3857
2008 10 23 176.7055
2008 10 24 170.1703
2008 10 27 165.2551
2008 10 28 184.9459
2008 10 29 179.5543
2008 10 30 180.4019
2008 10 31 180.2364
2008 11 03 173.7814
2008 11 04 184.0381
2008 11 05 171.6499
2008 11 06 166.1228
2008 11 07 166.0827
2008 11 10 159.8835
2008 11 11 156.2122
2008 11 12 145.9505
2008 11 13 156.5232
2008 11 14 155.4900
2008 11 17 150.5247
2008 11 18 149.1705
2008 11 19 140.5238
2008 11 20 130.1819
2008 11 21 131.6213
2008 11 24 129.1186
2008 11 25 141.4617
2008 11 26 146.4972
2008 11 28 146.9336
2008 12 01 133.4068
2008 12 02 137.9809
2008 12 03 140.1476
2008 12 04 137.5947
2008 12 05 142.4347
2008 12 08 151.5227
2008 12 09 153.4587
2008 12 10 154.8881
2008 12 11 150.5748
2008 12 12 158.3689
2008 12 15 155.8160
2008 12 16 163.1436
2008 12 17 158.1081
2008 12 18 155.6204
2008 12 19 155.5652
2008 12 22 149.0150
2008 12 23 149.4714
2008 12 24 151.9440
2008 12 26 150.6450
2008 12 29 149.1705
2008 12 30 152.0243
2008 12 31 154.3013
2009 01 02 161.1575
2009 01 05 164.5329
2009 01 06 167.5472
2009 01 07 161.5035
2009 01 08 163.0985
2009 01 09 158.0228
2009 01 12 156.8291
2009 01 13 157.6466
2009 01 14 150.9510
2009 01 15 149.9579
2009 01 16 150.2990
2009 01 20 141.8128
2009 01 21 152.0092
2009 01 22 153.7245
2009 01 23 162.8527
2009 01 26 162.4364
2009 01 27 166.2532
2009 01 28 174.8748
2009 01 29 172.1915
2009 01 30 169.7891
2009 02 02 170.8123
2009 02 03 170.7521
2009 02 04 172.0310
2009 02 05 177.4076
2009 02 06 186.2148
2009 02 09 189.9714
2009 02 10 179.8101
2009 02 11 179.5743
2009 02 12 182.0871
2009 02 13 179.3938
2009 02 17 171.8605
2009 02 18 177.1017
2009 02 19 171.8505
2009 02 20 173.7614
2009 02 23 165.5410
2009 02 24 173.2598
2009 02 25 171.3489
2009 02 26 169.1120
2009 02 27 169.5183
2009 03 02 164.0865
2009 03 03 163.2439
2009 03 04 159.9538
2009 03 05 153.2932
2009 03 06 154.7627
2009 03 09 145.8954
2009 03 10 154.5621
2009 03 11 159.4472
2009 03 12 162.2659
2009 03 13 162.7123
2009 03 16 160.3400
2009 03 17 168.1892
2009 03 18 167.0657
2009 03 19 165.4808
2009 03 20 165.5912
2009 03 23 174.8402
2009 03 24 174.1977
2009 03 25 172.5677
2009 03 26 177.1920
2009 03 27 174.3883
2009 03 30 171.8756
2009 03 31 174.5689
2009 04 01 177.5932
2009 04 02 181.8112
2009 04 03 185.4625
2009 04 06 184.6901
2009 04 07 179.8803
2009 04 08 181.5605
2009 04 09 186.8267
2009 04 13 189.6404
2009 04 14 185.0262
2009 04 15 190.3376
2009 04 16 194.9719
2009 04 17 196.7273
2009 04 20 190.2372
2009 04 21 191.3256
2009 04 22 192.5243
2009 04 23 192.9406
2009 04 24 195.3480
2009 04 27 193.5725
2009 04 28 192.4491
2009 04 29 196.3411
2009 04 30 198.5981
2009 05 01 197.4545
2009 05 04 201.6120
2009 05 05 202.1189
2009 05 06 202.3597
2009 05 07 198.9190
2009 05 08 204.2956
2009 05 11 204.6216
2009 05 12 200.1228
2009 05 13 195.3731
2009 05 14 194.3499
2009 05 15 195.6038
2009 05 18 199.0344
2009 05 19 200.0576
2009 05 20 199.2049
2009 05 21 198.8639
2009 05 22 197.3592
2009 05 26 202.8060
2009 05 27 203.4079
2009 05 28 205.8354
2009 05 29 209.2610
2009 06 01 213.9404
2009 06 02 214.8633
2009 06 03 216.4933
2009 06 04 220.8217
2009 06 05 222.8479
2009 06 08 220.0643
2009 06 09 218.4844
2009 06 10 216.9698
2009 06 11 215.1642
2009 06 12 213.0778
2009 06 15 209.0303
2009 06 16 208.6441
2009 06 17 208.2228
2009 06 18 207.6711
2009 06 19 210.6954
2009 06 22 204.3057
2009 06 23 203.4681
2009 06 24 205.2787
2009 06 25 208.5287
2009 06 26 213.3185
2009 06 29 212.7267
2009 06 30 211.4477
2009 07 01 210.1437
2009 07 02 204.8774
2009 07 06 205.4392
2009 07 07 198.9291
2009 07 08 201.8681
2009 07 09 205.8304
2009 07 10 207.8416
2009 07 13 212.8069
2009 07 14 213.0025
2009 07 15 219.7634
2009 07 16 221.9852
2009 07 17 215.7911
2009 07 20 215.7510
2009 07 21 214.6125
2009 07 22 214.5072
2009 07 23 219.3481
2009 07 24 224.0516
2009 07 27 223.0887
2009 07 28 220.6060
2009 07 29 218.7954
2009 07 30 223.5100
2009 07 31 222.2109
2009 08 03 226.8051
2009 08 04 227.5695
2009 08 05 226.2685
2009 08 06 225.8773
2009 08 07 229.2577
2009 08 10 229.0119
2009 08 11 227.6708
2009 08 12 230.0000
2009 08 13 231.8557
2009 08 14 230.7122
2009 08 17 223.1338
2009 08 18 223.3294
2009 08 19 222.6724
2009 08 20 230.9178
2009 08 21 233.3403
2009 08 24 235.0907
2009 08 25 236.4148
2009 08 26 234.7246
2009 08 27 233.7516
2009 08 28 233.0945
2009 08 31 231.5498
2009 09 01 228.5861
2009 09 02 227.2064
2009 09 03 229.4683
2009 09 04 231.3642
2009 09 08 230.0200
2009 09 09 232.7033
2009 09 10 236.1991
2009 09 11 236.8010
2009 09 14 238.2956
2009 09 15 239.5093
2009 09 16 244.9010
2009 09 17 246.6213
2009 09 18 246.4909
2009 09 21 249.2695
2009 09 22 250.3027
2009 09 23 250.0017
2009 09 24 249.1541
2009 09 25 247.0025
2009 09 28 250.0368
2009 09 29 250.0368
2009 09 30 248.6927
2009 10 01 244.3543
2009 10 02 243.0402
2009 10 05 245.0163
2009 10 06 250.1422
2009 10 07 259.5713
2009 10 08 257.8861
2009 10 09 258.9243
2009 10 12 262.8313
2009 10 13 263.8695
2009 10 14 268.4888
2009 10 15 265.7754
2009 10 16 275.7763
2009 10 19 276.8998
2009 10 20 276.7142
2009 10 21 276.4032
2009 10 22 277.9029
2009 10 23 277.7022
2009 10 26 277.9630
2009 10 27 274.9939
2009 10 28 270.9865
2009 10 29 276.3782
2009 10 30 268.8900
2009 11 02 267.8217
2009 11 03 269.4768
2009 11 04 271.0016
2009 11 05 275.1744
2009 11 06 276.4032
2009 11 09 282.1259
2009 11 10 284.2575
2009 11 11 286.1634
2009 11 12 284.8042
2009 11 13 286.9107
2009 11 16 289.0322
2009 11 17 289.6391
2009 11 18 289.2178
2009 11 19 287.3821
2009 11 20 285.8644
2009 11 23 292.0766
2009 11 24 292.4478
2009 11 25 293.7769
2009 11 27 290.7776
2009 11 30 292.4026
2009 12 01 295.8483
2009 12 02 294.6646
2009 12 03 293.7769
2009 12 04 293.4107
2009 12 07 294.0327
2009 12 08 294.4339
2009 12 09 295.4219
2009 12 10 296.6658
2009 12 11 296.1692
2009 12 14 298.7873
2009 12 15 297.4883
2009 12 16 299.8055
2009 12 17 297.8896
2009 12 18 299.1334
2009 12 21 300.2669
2009 12 22 301.4907
2009 12 23 306.7870
2009 12 24 310.1976
2009 12 28 312.3993
2009 12 29 310.6590
2009 12 30 312.3291
2009 12 31 310.9499
2010 01 04 314.3454
2010 01 05 312.9611
2010 01 06 305.0717
2010 01 07 297.9698
2010 01 08 301.9421
2010 01 11 301.4857
2010 01 12 296.1542
2010 01 13 294.4540
2010 01 14 295.8382
2010 01 15 290.8980
2010 01 19 294.7198
2010 01 20 291.1036
2010 01 21 292.3926
2010 01 22 275.8565
2010 01 25 270.8360
2010 01 26 272.0498
2010 01 27 271.8893
2010 01 28 267.9722
2010 01 29 265.7925
2010 02 01 267.3352
2010 02 02 266.3823
2010 02 03 271.2473
2010 02 04 264.2046
2010 02 05 266.4676
2010 02 08 267.5609
2010 02 09 269.0505
2010 02 10 268.0499
2010 02 11 269.0305
2010 02 12 267.3854
2010 02 16 271.4881
2010 02 17 269.9368
2010 02 18 272.4510
2010 02 19 271.2187
2010 02 22 272.2404
2010 02 23 268.3634
2010 02 24 266.5578
2010 02 25 264.0300
2010 02 26 264.2156
2010 03 01 267.1697
2010 03 02 271.3677
2010 03 03 273.5043
2010 03 04 278.1536
2010 03 05 282.9785
2010 03 08 282.1108
2010 03 09 280.9623
2010 03 10 289.1175
2010 03 11 291.4697
2010 03 12 290.6673
2010 03 15 282.4619
2010 03 16 283.4751
2010 03 17 283.6556
2010 03 18 284.0769
2010 03 19 280.8670
2010 03 22 279.6131
2010 03 23 275.3500
2010 03 24 279.5279
2010 03 25 282.3115
2010 03 26 282.2162
2010 03 29 282.0958
2010 03 30 284.2324
2010 03 31 284.4380
2010 04 01 285.2806
2010 04 05 286.3891
2010 04 06 284.9897
2010 04 07 282.6425
2010 04 08 284.6236
2010 04 09 283.9866
2010 04 12 287.2517
2010 04 13 294.2935
2010 04 14 295.4119
2010 04 15 298.5717
2010 04 16 275.9243
2010 04 19 275.9017
2010 04 20 278.3793
2010 04 21 278.0082
2010 04 22 274.3770
2010 04 23 273.3388
2010 04 26 266.6431
2010 04 27 265.3491
2010 04 28 265.4143
2010 04 29 266.8237
2010 04 30 263.6614
2010 05 03 266.1215
2010 05 04 253.9690
2010 05 05 255.6692
2010 05 06 250.1071
2010 05 07 247.3335
2010 05 10 261.6326
2010 05 11 255.3131
2010 05 12 253.4775
2010 05 13 256.2310
2010 05 14 254.5508
2010 05 17 254.7715
2010 05 18 249.9566
2010 05 19 247.9805
2010 05 20 238.2404
2010 05 21 236.7558
2010 05 24 239.3188
2010 05 25 239.2736
2010 05 26 238.4711
2010 05 27 245.9893
2010 05 28 243.5669
2010 06 01 241.9318
2010 06 02 247.4489
2010 06 03 253.5828
2010 06 04 250.1321
2010 06 07 243.5117
2010 06 08 243.1406
2010 06 09 237.7439
2010 06 10 244.2590
2010 06 11 245.0063
2010 06 14 242.3431
2010 06 15 249.7660
2010 06 16 251.4111
2010 06 17 250.8142
2010 06 18 250.7892
2010 06 21 245.0364
2010 06 22 243.8778
2010 06 23 241.7713
2010 06 24 238.2856
2010 06 25 237.0718
2010 06 28 236.7709
2010 06 29 227.8333
2010 06 30 223.1639
2010 07 01 220.4254
2010 07 02 218.9509
2010 07 06 218.7101
2010 07 07 225.7970
2010 07 08 228.9869
2010 07 09 234.4688
2010 07 12 238.6517
2010 07 13 245.3574
2010 07 14 246.4287
2010 07 15 247.7749
2010 07 16 230.5141
2010 07 19 233.8118
2010 07 20 241.5406
2010 07 21 239.4893
2010 07 22 243.1556
2010 07 23 245.7887
2010 07 26 245.2420
2010 07 27 247.0777
2010 07 28 242.9249
2010 07 29 243.2459
2010 07 30 243.1757
2010 08 02 245.9643
2010 08 03 245.6734
2010 08 04 253.9439
2010 08 05 254.8367
2010 08 06 250.8845
2010 08 09 253.4574
2010 08 10 252.6349
2010 08 11 246.6313
2010 08 12 246.7667
2010 08 13 243.9280
2010 08 16 243.5468
2010 08 17 246.0194
2010 08 18 241.8215
2010 08 19 234.7095
2010 08 20 231.7253
2010 08 23 232.7535
2010 08 24 226.3939
2010 08 25 228.0139
2010 08 26 226.1882
2010 08 27 230.1254
2010 08 30 227.0459
2010 08 31 225.7067
2010 09 01 230.8777
2010 09 02 232.3071
2010 09 03 235.8781
2010 09 07 232.9190
2010 09 08 236.0186
2010 09 09 238.8272
2010 09 10 238.8072
2010 09 13 241.8817
2010 09 14 240.9588
2010 09 15 241.0641
2010 09 16 241.2748
2010 09 17 245.8339
2010 09 20 254.9269
2010 09 21 257.5250
2010 09 22 258.7989
2010 09 23 257.5350
2010 09 24 264.4614
2010 09 27 266.0262
2010 09 28 264.4012
2010 09 29 264.6620
2010 09 30 263.7090
2010 10 01 263.6238
2010 10 04 261.9837
2010 10 05 269.9483
2010 10 06 268.0023
2010 10 07 265.8256
2010 10 08 269.0054
2010 10 11 270.2542
2010 10 12 271.5332
2010 10 13 272.4912
2010 10 14 271.3025
2010 10 15 301.6562
2010 10 18 309.8114
2010 10 19 304.8561
2010 10 20 304.9313
2010 10 21 306.9425
2010 10 22 307.2133
2010 10 25 309.2045
2010 10 26 310.2577
2010 10 27 309.1894
2010 10 28 310.2477
2010 10 29 307.8001
2010 11 01 308.4522
2010 11 02 308.7531
2010 11 03 311.0502
2010 11 04 313.1015
2010 11 05 313.5078
2010 11 08 314.3554
2010 11 09 313.3774
2010 11 10 312.4044
2010 11 11 309.5506
2010 11 12 302.5790
2010 11 15 298.6569
2010 11 16 292.7637
2010 11 17 292.6785
2010 11 18 299.2036
2010 11 19 296.3297
2010 11 22 296.5253
2010 11 23 292.4076
2010 11 24 298.4062
2010 11 26 295.9135
2010 11 29 291.9562
2010 11 30 278.7154
2010 12 01 283.0487
2010 12 02 286.7953
2010 12 03 287.3871
2010 12 06 290.0754
2010 12 07 294.4790
2010 12 08 296.1843
2010 12 09 296.6658
2010 12 10 297.0219
2010 12 13 298.2306
2010 12 14 298.3761
2010 12 15 296.0639
2010 12 16 296.7711
2010 12 17 296.3147
2010 12 20 298.4513
2010 12 21 302.4687
2010 12 22 303.6824
2010 12 23 303.0505
2010 12 27 302.1226
2010 12 28 300.3873
2010 12 29 301.4305
2010 12 30 300.3572
2010 12 31 297.9046
2011 01 03 303.1107
2011 01 04 301.9922
2011 01 05 305.4780
2011 01 06 307.6998
2011 01 07 309.1744
2011 01 10 308.0559
2011 01 11 308.9587
2011 01 12 309.3901
2011 01 13 309.2998
2011 01 14 313.0564
2011 01 18 320.8053
2011 01 19 316.8531
2011 01 20 314.3554
2011 01 21 306.8623
2011 01 24 306.4861
2011 01 25 310.9148
2011 01 26 309.2045
2011 01 27 309.3499
2011 01 28 301.4255
2011 01 31 301.1095
2011 02 01 306.4660
2011 02 02 306.9475
2011 02 03 306.0197
2011 02 04 306.4359
2011 02 07 308.0986
2011 02 08 310.1474
2011 02 09 309.2045
2011 02 10 309.1744
2011 02 11 313.2169
2011 02 14 315.0475
2011 02 15 313.0413
2011 02 16 313.0764
2011 02 17 313.5980
2011 02 18 316.0155
2011 02 22 306.0497
2011 02 23 306.6065
2011 02 24 305.3526
2011 02 25 305.9645
2011 02 28 307.6497
2011 03 01 301.3101
2011 03 02 301.3252
2011 03 03 305.7237
2011 03 04 301.2399
2011 03 07 296.7460
2011 03 08 297.0720
2011 03 09 296.8012
2011 03 10 291.0484
2011 03 11 289.2479
2011 03 14 285.8775
2011 03 15 285.6618
2011 03 16 279.4125
2011 03 17 281.5491
2011 03 18 281.3987
2011 03 21 289.1426
2011 03 22 289.5538
2011 03 23 291.9813
2011 03 24 294.3536
2011 03 25 290.7676
2011 03 28 288.5708
2011 03 29 291.7657
2011 03 30 291.8208
2011 03 31 294.2884
2011 04 01 296.8162
2011 04 04 294.7499
2011 04 05 285.4261
2011 04 06 287.9790
2011 04 07 290.8980
2011 04 08 289.9751
2011 04 11 289.5789
2011 04 12 286.1884
2011 04 13 289.0322
2011 04 14 290.1507
2011 04 15 266.1716
2011 04 18 264.2357
2011 04 19 261.5724
2011 04 20 263.6790
2011 04 21 263.3630
2011 04 25 263.3379
2011 04 26 267.2349
2011 04 27 269.7126
2011 04 28 269.8179
2011 04 29 272.8924
2011 05 02 270.1138
2011 05 03 267.7716
2011 05 04 268.7245
2011 05 05 267.9622
2011 05 06 268.4788
2011 05 09 269.6725
2011 05 10 272.1702
2011 05 11 268.5540
2011 05 12 268.3534
2011 05 13 265.5949
2011 05 16 260.0126
2011 05 17 266.0513
2011 05 18 265.7253
2011 05 19 266.4475
2011 05 20 262.8263
2011 05 23 259.9976
2011 05 24 259.9324
2011 05 25 260.6396
2011 05 26 259.8672
2011 05 27 261.2565
2011 05 31 265.3290
2011 06 01 263.6138
2011 06 02 264.8476
2011 06 03 262.3498
2011 06 06 261.3367
2011 06 07 260.3186
2011 06 08 260.3888
2011 06 09 259.1650
2011 06 10 255.5413
2011 06 13 253.1464
2011 06 14 254.9721
2011 06 15 252.2537
2011 06 16 250.9597
2011 06 17 243.2609
2011 06 20 243.0402
2011 06 21 247.2633
2011 06 22 244.2565
2011 06 23 240.8535
2011 06 24 238.1752
2011 06 27 242.1475
2011 06 28 247.5893
2011 06 29 249.5554
2011 06 30 253.9740
2011 07 01 261.3207
2011 07 05 267.0443
2011 07 06 268.5089
2011 07 07 274.1463
2011 07 08 266.8186
2011 07 11 264.4564
2011 07 12 267.8318
2011 07 13 269.9634
2011 07 14 265.2889
2011 07 15 299.7353
2011 07 18 298.3911
2011 07 19 302.2079
2011 07 20 298.5967
2011 07 21 304.4348
2011 07 22 310.0722
2011 07 25 310.4483
2011 07 26 312.2238
2011 07 27 304.5501
2011 07 28 306.4159
2011 07 29 302.7797
2011 08 01 304.3244
2011 08 02 297.1172
2011 08 03 301.5158
2011 08 04 289.6541
2011 08 05 290.4165
2011 08 08 273.8554
2011 08 09 287.5928
2011 08 10 275.3550
2011 08 11 281.9353
2011 08 12 282.7578
2011 08 15 279.4777
2011 08 16 270.3345
2011 08 17 267.4004
2011 08 18 253.2217
2011 08 19 246.2201
2011 08 22 249.8563
2011 08 23 260.2133
2011 08 24 262.4552
2011 08 25 260.8251
2011 08 26 264.2457
2011 08 29 270.3746
2011 08 30 271.1871
2011 08 31 271.3175
2011 09 01 267.0744
2011 09 02 263.2326
2011 09 06 261.8985
2011 09 07 267.8418
2011 09 08 268.3082
2011 09 09 263.2376
2011 09 12 265.8807
2011 09 13 265.5798
2011 09 14 266.8588
2011 09 15 272.1200
2011 09 16 274.1864
2011 09 19 274.1814
2011 09 20 274.1588
2011 09 21 270.4348
2011 09 22 261.1361
2011 09 23 263.5686
2011 09 26 266.7685
2011 09 27 270.5050
2011 09 28 265.2388
2011 09 29 264.5667
2011 09 30 258.3174
2011 10 03 248.5272
2011 10 04 251.7271
2011 10 05 253.1314
2011 10 06 258.1519
2011 10 07 258.3575
2011 10 10 269.4167
2011 10 11 272.4310
2011 10 12 275.0992
2011 10 13 280.3604
2011 10 14 296.7561
2011 10 17 292.1067
2011 10 18 296.1692
2011 10 19 291.2491
2011 10 20 292.7387
2011 10 21 296.1592
2011 10 24 299.1334
2011 10 25 292.4829
2011 10 26 294.0627
2011 10 27 300.2619
2011 10 28 300.9992
2011 10 31 297.2375
2011 11 01 290.2209
2011 11 02 293.3154
2011 11 03 299.6751
2011 11 04 298.9930
2011 11 07 305.1068
2011 11 08 307.1180
2011 11 09 301.4054
2011 11 10 298.4613
2011 11 11 305.1169
2011 11 14 307.4491
2011 11 15 309.2346
2011 11 16 306.6817
2011 11 17 301.3653
2011 11 18 298.3610
2011 11 21 291.3694
2011 11 22 290.8980
2011 11 23 285.9377
2011 11 25 282.3717
2011 11 28 295.0057
2011 11 29 292.3675
2011 11 30 300.6230
2011 12 01 307.8353
2011 12 02 311.1405
2011 12 05 313.7937
2011 12 06 312.8507
2011 12 07 312.6602
2011 12 08 308.9788
2011 12 09 314.6814
2011 12 12 313.6632
2011 12 13 313.7836
2011 12 14 309.9919
2011 12 15 310.7292
2011 12 16 313.9491
2011 12 19 311.8777
2011 12 20 316.1610
2011 12 21 313.8789
2011 12 22 315.8249
2011 12 23 317.5502
2011 12 27 321.1163
2011 12 28 320.8404
2011 12 29 322.1946
2011 12 30 323.9500
2012 01 03 333.7352
2012 01 04 335.1747
2012 01 05 330.5253
2012 01 06 326.0164
2012 01 09 312.1937
2012 01 10 312.5348
2012 01 11 313.9491
2012 01 12 315.7948
2012 01 13 313.4626
2012 01 17 315.2632
2012 01 18 317.4349
2012 01 19 320.7752
2012 01 20 293.9022
2012 01 23 293.6665
2012 01 24 291.3644
2012 01 25 285.6267
2012 01 26 284.9296
2012 01 27 290.8879
2012 01 30 289.7394
2012 01 31 290.9531
2012 02 01 291.3143
2012 02 02 293.4609
2012 02 03 299.0883
2012 02 06 305.4880
2012 02 07 304.3244
2012 02 08 305.8692
2012 02 09 306.6767
2012 02 10 303.8931
2012 02 13 307.0478
2012 02 14 305.8240
2012 02 15 303.7175
2012 02 16 304.1990
2012 02 17 303.2561
2012 02 21 307.9506
2012 02 22 304.9112
2012 02 23 303.9934
2012 02 24 305.8943
2012 02 27 305.5984
2012 02 28 310.1524
2012 02 29 310.0822
2012 03 01 312.1636
2012 03 02 311.5868
2012 03 05 308.0760
2012 03 06 303.4166
2012 03 07 304.3395
2012 03 08 304.5100
2012 03 09 301.0543
2012 03 12 303.5119
2012 03 13 309.8465
2012 03 14 308.9487
2012 03 15 311.5267
2012 03 16 313.4877
2012 03 19 317.9715
2012 03 20 317.7258
2012 03 21 320.9808
2012 03 22 324.0252
2012 03 23 322.2899
2012 03 26 325.6703
2012 03 27 324.5117
2012 03 28 328.8953
2012 03 29 325.2089
2012 03 30 321.6128
2012 04 02 324.4616
2012 04 03 322.3049
2012 04 04 318.5584
2012 04 05 317.1390
2012 04 09 316.3967
2012 04 10 314.4005
2012 04 11 318.9646
2012 04 12 326.5129
2012 04 13 313.2670
2012 04 16 303.9733
2012 04 17 305.7288
2012 04 18 304.6655
2012 04 19 300.5779
2012 04 20 298.9528
2012 04 23 299.7252
2012 04 24 301.5659
2012 04 25 305.8040
2012 04 26 308.6879
2012 04 27 308.4421
2012 04 30 303.3614
2012 05 01 303.1508
2012 05 02 304.5702
2012 05 03 306.4560
2012 05 04 299.4092
2012 05 07 304.7156
2012 05 08 307.3437
2012 05 09 305.5181
2012 05 10 307.7801
2012 05 11 303.5520
2012 05 14 302.9351
2012 05 15 306.5011
2012 05 16 315.4387
2012 05 17 312.4896
2012 05 18 301.1296
2012 05 21 308.0058
2012 05 22 301.3302
2012 05 23 305.6736
2012 05 24 302.7646
2012 05 25 296.6808
2012 05 29 298.0902
2012 05 30 295.0257
2012 05 31 291.3293
2012 06 01 286.3740
2012 06 04 290.1908
2012 06 05 286.0881
2012 06 06 291.1839
2012 06 07 290.0102
2012 06 08 291.1237
2012 06 11 285.1302
2012 06 12 283.4249
2012 06 13 281.4137
2012 06 14 280.3905
2012 06 15 283.1290
2012 06 18 286.3088
2012 06 19 291.6653
2012 06 20 289.6491
2012 06 21 283.4801
2012 06 22 286.6248
2012 06 25 281.2181
2012 06 26 283.2143
2012 06 27 285.5314
2012 06 28 283.0287
2012 06 29 290.9331
2012 07 02 291.1337
2012 07 03 294.8251
2012 07 05 298.8826
2012 07 06 293.8972
2012 07 09 293.9123
2012 07 10 291.7506
2012 07 11 286.4793
2012 07 12 286.1232
2012 07 13 289.1526
2012 07 16 288.3501
2012 07 17 289.2579
2012 07 18 291.2792
2012 07 19 297.4482
2012 07 20 306.3557
2012 07 23 308.7080
2012 07 24 304.7257
2012 07 25 304.9363
2012 07 26 307.6296
2012 07 27 318.4631
2012 07 30 317.1289
2012 07 31 317.4650
2012 08 01 317.3195
2012 08 02 315.3485
2012 08 03 321.6579
2012 08 06 322.4052
2012 08 07 321.2617
2012 08 08 322.1093
2012 08 09 322.1695
2012 08 10 321.9940
2012 08 13 331.0268
2012 08 14 335.3652
2012 08 15 334.8035
2012 08 16 337.4768
2012 08 17 339.6184
2012 08 20 338.8159
2012 08 21 335.7916
2012 08 22 339.6384
2012 08 23 339.4478
2012 08 24 340.3657
2012 08 27 335.6461
2012 08 28 339.6735
2012 08 29 345.0702
2012 08 30 341.8954
2012 08 31 343.6057
2012 09 04 341.5744
2012 09 05 341.4139
2012 09 06 350.7828
2012 09 07 354.1683
2012 09 10 351.4700
2012 09 11 347.1667
2012 09 12 346.5096
2012 09 13 354.1131
2012 09 14 355.9387
2012 09 17 356.0892
2012 09 18 360.2521
2012 09 19 364.8763
2012 09 20 365.1856
2012 09 21 368.1314
2012 09 24 375.8502
2012 09 25 375.7399
2012 09 26 377.8965
2012 09 27 379.4212
2012 09 28 378.4181
2012 10 01 382.0694
2012 10 02 379.6670
2012 10 03 382.4305
2012 10 04 385.2141
2012 10 05 385.0135
2012 10 08 380.0933
2012 10 09 373.1970
2012 10 10 373.4328
2012 10 11 376.9035
2012 10 12 373.5280
2012 10 15 371.6372
2012 10 16 373.5030
2012 10 17 378.9147
2012 10 18 348.5760
2012 10 19 341.9506
2012 10 22 340.3857
2012 10 23 341.2283
2012 10 24 339.6997
2012 10 25 339.9293
2012 10 26 338.6203
2012 10 31 341.2021
2012 11 01 344.8595
2012 11 02 345.0241
2012 11 05 342.5374
2012 11 06 341.9155
2012 11 07 334.5929
2012 11 08 327.1549
2012 11 09 332.5415
2012 11 12 333.9810
2012 11 13 330.5470
2012 11 14 327.2853
2012 11 15 324.6321
2012 11 16 324.5920
2012 11 19 335.1395
2012 11 20 336.0223
2012 11 21 333.9659
2012 11 23 335.0192
2012 11 26 331.5986
2012 11 27 336.3934
2012 11 28 342.8935
2012 11 29 347.0162
2012 11 30 350.2662
2012 12 03 348.7014
2012 12 04 346.5849
2012 12 05 344.9749
2012 12 06 346.6350
2012 12 07 343.1643
2012 12 10 343.7712
2012 12 11 349.5189
2012 12 12 349.8600
2012 12 13 352.4379
2012 12 14 352.0684
2012 12 17 361.5059
2012 12 18 361.6514
2012 12 19 361.1699
2012 12 20 362.2984
2012 12 21 358.9230
2012 12 24 355.8485
2012 12 26 355.5325
2012 12 27 354.2385
2012 12 28 351.0888
2012 12 31 354.7852
2013 01 02 362.7448
2013 01 03 362.9554
2013 01 04 370.1275
2013 01 07 368.5126
2013 01 08 367.7853
2013 01 09 370.2018
2013 01 10 371.8880
2013 01 11 371.1407
2013 01 14 362.7448
2013 01 15 363.5874
2013 01 16 358.7023
2013 01 17 356.7613
2013 01 18 353.3457
2013 01 22 352.5232
2013 01 23 371.8980
2013 01 24 378.0821
2013 01 25 378.0019
2013 01 28 376.5273
2013 01 29 378.0069
2013 01 30 378.0821
2013 01 31 379.0150
2013 02 01 389.0008
2013 02 04 380.6851
2013 02 05 384.0555
2013 02 06 386.2774
2013 02 07 388.1733
2013 02 08 393.9009
2013 02 11 392.4214
2013 02 12 391.5587
2013 02 13 392.6420
2013 02 14 395.1297
2013 02 15 397.6726
2013 02 19 404.6742
2013 02 20 397.4569
2013 02 21 398.9967
2013 02 22 401.0931
2013 02 25 396.6093
2013 02 26 396.2883
2013 02 27 401.1282
2013 02 28 401.8404
2013 03 01 404.3432
2013 03 04 412.0239
2013 03 05 420.6004
2013 03 06 416.9772
2013 03 07 417.5871
2013 03 08 417.0474
2013 03 11 418.7025
2013 03 12 415.0863
2013 03 13 413.9328
2013 03 14 412.0419
2013 03 15 408.4117
2013 03 18 405.1456
2013 03 19 406.9161
2013 03 20 408.6154
2013 03 21 406.8860
2013 03 22 406.4095
2013 03 25 406.0735
2013 03 26 407.4678
2013 03 27 402.5727
2013 03 28 398.3236
2013 04 01 401.8354
2013 04 02 407.7788
2013 04 03 404.3492
2013 04 04 398.7660
2013 04 05 392.7373
2013 04 08 388.6246
2013 04 09 390.0290
2013 04 10 396.3134
2013 04 11 396.4187
2013 04 12 396.2482
2013 04 15 392.1756
2013 04 16 397.9133
2013 04 17 392.4916
2013 04 18 384.1428
2013 04 19 401.1734
2013 04 22 401.2958
2013 04 23 405.2008
2013 04 24 407.9864
2013 04 25 405.8027
2013 04 26 401.9508
2013 04 29 410.7981
2013 04 30 413.5616
2013 05 01 411.4852
2013 05 02 416.0894
2013 05 03 424.1694
2013 05 06 432.1089
2013 05 07 429.9422
2013 05 08 438.1676
2013 05 09 437.0893
2013 05 10 441.4778
2013 05 13 440.1236
2013 05 14 444.9234
2013 05 15 459.3630
2013 05 16 453.3344
2013 05 17 455.9976
2013 05 20 455.6716
2013 05 21 454.8892
2013 05 22 446.0870
2013 05 23 442.7618
2013 05 24 438.0121
2013 05 28 441.9994
2013 05 29 435.4993
2013 05 30 436.7281
2013 05 31 436.9578
2013 06 03 435.1583
2013 06 04 430.8801
2013 06 05 431.1810
2013 06 06 433.6587
2013 06 07 441.2270
2013 06 10 446.4883
2013 06 11 441.2671
2013 06 12 437.3400
2013 06 13 439.8578
2013 06 14 438.8748
2013 06 17 444.4971
2013 06 18 451.7044
2013 06 19 451.7345
2013 06 20 443.7398
2013 06 21 441.8289
2013 06 24 436.2416
2013 06 25 434.4411
2013 06 26 438.1776
2013 06 27 439.8929
2013 06 28 441.5480
2013 07 01 445.3146
2013 07 02 442.5210
2013 07 03 444.5874
2013 07 05 448.1283
2013 07 08 453.9463
2013 07 09 454.0215
2013 07 10 454.3977
2013 07 11 461.5447
2013 07 12 462.9290
2013 07 15 463.7766
2013 07 16 461.2278
2013 07 17 460.6971
2013 07 18 456.7499
2013 07 19 449.6871
2013 07 22 456.7600
2013 07 23 453.2993
2013 07 24 452.8479
2013 07 25 445.2244
2013 07 26 444.0457
2013 07 29 442.5010
2013 07 30 446.8394
2013 07 31 445.2494
2013 08 01 453.5099
2013 08 02 454.6886
2013 08 05 453.9011
2013 08 06 449.6731
2013 08 07 446.7039
2013 08 08 447.7120
2013 08 09 446.5836
2013 08 12 444.1260
2013 08 13 441.9894
2013 08 14 436.2517
2013 08 15 431.1610
2013 08 16 429.7807
2013 08 19 434.1652
2013 08 20 434.0499
2013 08 21 436.0109
2013 08 22 438.2077
2013 08 23 436.4523
2013 08 26 434.5364
2013 08 27 426.3912
2013 08 28 425.5888
2013 08 29 429.0394
2013 08 30 424.7612
2013 09 03 431.5221
2013 09 04 437.1665
2013 09 05 441.1418
2013 09 06 441.1518
2013 09 09 445.4019
2013 09 10 445.7109
2013 09 11 449.4825
2013 09 12 447.9147
2013 09 13 445.9105
2013 09 16 445.2545
2013 09 17 444.4269
2013 09 18 453.0585
2013 09 19 450.5859
2013 09 20 452.9532
2013 09 23 444.6225
2013 09 24 444.7930
2013 09 25 439.9732
2013 09 26 440.4446
2013 09 27 439.5519
2013 09 30 439.3111
2013 10 01 444.8753
2013 10 02 445.3698
2013 10 03 439.4014
2013 10 04 437.5256
2013 10 07 434.2104
2013 10 08 428.1567
2013 10 09 429.2551
2013 10 10 435.4642
2013 10 11 437.3450
2013 10 14 439.4114
2013 10 15 442.3706
2013 10 16 450.4049
2013 10 17 445.7731
2013 10 18 507.2709
2013 10 21 503.2033
2013 10 22 505.0591
2013 10 23 517.3019
2013 10 24 514.3628
2013 10 25 509.1718
2013 10 28 509.0715
2013 10 29 519.7243
2013 10 30 516.8053
2013 10 31 516.8856
2013 11 01 515.1101
2013 11 04 514.6437
2013 11 05 512.3415
2013 11 06 512.9585
2013 11 07 505.5355
2013 11 08 509.5880
2013 11 11 506.8596
2013 11 12 507.4565
2013 11 13 517.8335
2013 11 14 519.2178
2013 11 15 518.3802
2013 11 18 517.3721
2013 11 19 514.1872
2013 11 20 512.7378
2013 11 21 518.6360
2013 11 22 517.5426
2013 11 25 524.5843
2013 11 26 530.8437
2013 11 27 533.2009
2013 11 29 531.4355
2013 12 02 528.8726
2013 12 03 528.2607
2013 12 04 530.7283
2013 12 05 530.3070
2013 12 06 536.5914
2013 12 09 540.7392
2013 12 10 544.0093
2013 12 11 540.3129
2013 12 12 536.6365
2013 12 13 532.0373
2013 12 16 538.1512
2013 12 17 536.5864
2013 12 18 544.0544
2013 12 19 544.7917
2013 12 20 552.0140
2013 12 23 559.2764
2013 12 24 557.6414
2013 12 26 560.4601
2013 12 27 560.9315
2013 12 30 556.4477
2013 12 31 562.0901
2014 01 02 558.2834
2014 01 03 554.2108
2014 01 06 560.3899
2014 01 07 571.1932
2014 01 08 572.3819
2014 01 09 566.8699
2014 01 10 566.8398
2014 01 13 563.2286
2014 01 14 576.4795
2014 01 15 576.0883
2014 01 16 579.9001
2014 01 17 577.0463
2014 01 21 583.6517
2014 01 22 584.3137
2014 01 23 581.8461
2014 01 24 563.6549
2014 01 27 552.3200
2014 01 28 563.2437
2014 01 29 555.1738
2014 01 30 569.4528
2014 01 31 592.3134
2014 02 03 568.4698
2014 02 04 570.8421
2014 02 05 573.3699
2014 02 06 581.7759
2014 02 07 590.5429
2014 02 10 588.2810
2014 02 11 596.9327
2014 02 12 595.1823
2014 02 13 601.8077
2014 02 14 603.2622
2014 02 18 607.3147
2014 02 19 603.0315
2014 02 20 603.9192
2014 02 21 603.7587
2014 02 24 608.1322
2014 02 25 611.8888
2014 02 26 611.9741
2014 02 27 611.4926
2014 02 28 609.7071
2014 03 03 603.2070
2014 03 04 609.3360
2014 03 05 611.0161
2014 03 06 611.6932
2014 03 07 609.2758
2014 03 10 607.6608
2014 03 11 601.8529
2014 03 12 605.5192
2014 03 13 596.3709
2014 03 14 588.2158
2014 03 17 597.8956
2014 03 18 607.5053
2014 03 19 601.4817
2014 03 20 600.4335
2014 03 21 593.3516
2014 03 24 580.7577
2014 03 25 581.1540
2014 03 26 567.7376
2014 03 27 558.8652
2014 03 28 561.8093
2014 03 31 558.9805
2014 04 01 569.2021
2014 04 02 569.3074
2014 04 03 571.5000
2014 04 04 545.2500
2014 04 07 540.6300
2014 04 08 557.5100
2014 04 09 567.0400
2014 04 10 546.6900
2014 04 11 537.7600
2014 04 14 545.2000
2014 04 15 548.7000
2014 04 16 563.9000
2014 04 17 543.3400
2014 04 21 539.3700
2014 04 22 545.5000
2014 04 23 537.5100
2014 04 24 534.4400
2014 04 25 523.1000
2014 04 28 522.9800
2014 04 29 536.3300
2014 04 30 534.8800
2014 05 01 538.5300
2014 05 02 533.8700
2014 05 05 535.3300
2014 05 06 522.5700
2014 05 07 518.0000
2014 05 08 520.1700
2014 05 09 526.6200
2014 05 12 538.4300
2014 05 13 541.5400
2014 05 14 534.4100
2014 05 15 529.1200
2014 05 16 528.3000
2014 05 19 538.8300
2014 05 20 540.3900
2014 05 21 549.7000
2014 05 22 555.4500
2014 05 23 563.8000
2014 05 27 574.8700
2014 05 28 570.4500
2014 05 29 570.5600
2014 05 30 571.6500
2014 06 02 564.3400
2014 06 03 554.5100
2014 06 04 553.7600
2014 06 05 564.9300
2014 06 06 566.0300
2014 06 09 570.7300
2014 06 10 568.3000
2014 06 11 567.5000
2014 06 12 559.5000
2014 06 13 560.3500
2014 06 16 552.3000
2014 06 17 550.6150
2014 06 18 560.6600
2014 06 19 564.9900
2014 06 20 566.5200
2014 06 23 574.2900
2014 06 24 572.5400
2014 06 25 585.9300
2014 06 26 584.7700
2014 06 27 585.6900
2014 06 30 584.6700
2014 07 01 591.4900
2014 07 02 590.7800
2014 07 03 593.0800
2014 07 07 590.7600
2014 07 08 578.4000
2014 07 09 583.3600
2014 07 10 580.0400
2014 07 11 586.6500
2014 07 14 594.2600
2014 07 15 593.0600
2014 07 16 590.6200
2014 07 17 580.8200
2014 07 18 605.1100
2014 07 21 598.4400
2014 07 22 603.5700
2014 07 23 605.1900
2014 07 24 603.0100
2014 07 25 598.0800
2014 07 28 599.0200
2014 07 29 593.9500
2014 07 30 595.4400
2014 07 31 579.5500
2014 08 01 573.6000
2014 08 04 582.2700
2014 08 05 573.1400
2014 08 06 574.4900
2014 08 07 571.8100
2014 08 08 577.9400
2014 08 11 577.2500
2014 08 12 572.1200
2014 08 13 584.5600
2014 08 14 584.6500
2014 08 15 583.7100
2014 08 18 592.7000
2014 08 19 597.1100
2014 08 20 595.4100
2014 08 21 592.4200
2014 08 22 592.5400
2014 08 25 590.5700
2014 08 26 588.1200
2014 08 27 583.0000
2014 08 28 580.3200
2014 08 29 582.3600
2014 09 02 588.6300
2014 09 03 589.5200
2014 09 04 593.1400
2014 09 05 597.7800
2014 09 08 601.6300
2014 09 09 591.9700
2014 09 10 593.4200
2014 09 11 591.1100
2014 09 12 584.9000
2014 09 15 581.6400
2014 09 16 588.7800
2014 09 17 593.2900
2014 09 18 597.2700
2014 09 19 605.4000
2014 09 22 597.2700
2014 09 23 591.1800
2014 09 24 598.4200
2014 09 25 585.2500
2014 09 26 587.9000
2014 09 29 587.8100
2014 09 30 588.4100
2014 10 01 579.6300
2014 10 02 580.8800
2014 10 03 586.2500
2014 10 06 587.7800
2014 10 07 574.1000
2014 10 08 583.7400
2014 10 09 570.8100
2014 10 10 555.1900
2014 10 13 544.7500
2014 10 14 548.6900
2014 10 15 540.7300
2014 10 16 536.9200
2014 10 17 522.9700
2014 10 20 532.3800
2014 10 21 538.0300
2014 10 22 542.6900
2014 10 23 553.6500
2014 10 24 548.9000
2014 10 27 549.8800
2014 10 28 558.9400
2014 10 29 558.4500
2014 10 30 560.2700
2014 10 31 567.8700
2014 11 03 563.7700
2014 11 04 564.1900
2014 11 05 555.9500
2014 11 06 551.6900
2014 11 07 551.8200
2014 11 10 558.2300
2014 11 11 561.2900
2014 11 12 558.2500
2014 11 13 556.4400
2014 11 14 555.1900
2014 11 17 546.6400
2014 11 18 544.5100
2014 11 19 547.2000
2014 11 20 543.7600
2014 11 21 545.8900
2014 11 24 547.4800
2014 11 25 549.2300
2014 11 26 547.7300
2014 11 28 549.0800
2014 12 01 539.6500
2014 12 02 538.5900
2014 12 03 536.9700
2014 12 04 542.5800
2014 12 05 528.0800
2014 12 08 530.7300
2014 12 09 536.1100
2014 12 10 528.0400
2014 12 11 532.1100
2014 12 12 521.5100
2014 12 15 515.8400
2014 12 16 498.1600
2014 12 17 506.4500
2014 12 18 514.6200
2014 12 19 520.0400
2014 12 22 532.3000
2014 12 23 538.7700
2014 12 24 536.9300
2014 12 26 541.5200
2014 12 29 537.3100
2014 12 30 535.2800
2014 12 31 530.6600
2015 01 02 529.5500
2015 01 05 519.4600
2015 01 06 506.6400
2015 01 07 505.1500
2015 01 08 506.9100
2015 01 09 500.7200
2015 01 12 497.0600
2015 01 13 501.8000
2015 01 14 505.9300
2015 01 15 504.0100
2015 01 16 510.4550
2015 01 20 509.9400
2015 01 21 520.3900
2015 01 22 537.3000
2015 01 23 541.9500
2015 01 26 536.7200
2015 01 27 521.1900
2015 01 28 512.4300
2015 01 29 513.2300
2015 01 30 537.5500
2015 02 02 532.2000
2015 02 03 533.3000
2015 02 04 526.1000
2015 02 05 529.8300
2015 02 06 533.8750
2015 02 09 529.2800
2015 02 10 540.1600
2015 02 11 538.0000
2015 02 12 546.0100
2015 02 13 551.1600
2015 02 17 545.0100
2015 02 18 542.6500
2015 02 19 546.4500
2015 02 20 541.8000
2015 02 23 535.0000
2015 02 24 538.6500
2015 02 25 547.3300
2015 02 26 559.2900
2015 02 27 562.6300
2015 03 02 575.0200
2015 03 03 578.7950
2015 03 04 578.3300
2015 03 05 581.4350
2015 03 06 572.9000
2015 03 09 574.1000
2015 03 10 559.8500
2015 03 11 555.6900
2015 03 12 561.1700
2015 03 13 553.0000
2015 03 16 561.6400
2015 03 17 557.6100
2015 03 18 566.1600
2015 03 19 563.6700
2015 03 20 564.9500
2015 03 23 565.3700
2015 03 24 577.5400
2015 03 25 567.0000
2015 03 26 563.6400
2015 03 27 557.5500
2015 03 30 561.1350
2015 03 31 554.7000
2015 04 01 549.4900
2015 04 02 541.3100
2015 04 06 543.9500
2015 04 07 544.8600
2015 04 08 548.8400
2015 04 09 548.0200
2015 04 10 548.5400
2015 04 13 548.6400
2015 04 14 539.7800
2015 04 15 541.0400
2015 04 16 543.5200
2015 04 17 532.7400
2015 04 20 544.5300
2015 04 21 542.9250
2015 04 22 549.1800
2015 04 23 557.4600
2015 04 24 573.6600
2015 04 27 566.1200
2015 04 28 564.3700
2015 04 29 561.3900
2015 04 30 548.7700
2015 05 01 551.1600
2015 05 04 552.8400
2015 05 05 543.0450
2015 05 06 535.0800
2015 05 07 542.0400
2015 05 08 548.9500
2015 05 11 545.7800
2015 05 12 538.7300
2015 05 13 539.4900
2015 05 14 549.2000
2015 05 15 546.4900
2015 05 18 546.6700
2015 05 19 549.2800
2015 05 20 552.5100
2015 05 21 556.8100
2015 05 22 554.5200
2015 05 26 547.1900
2015 05 27 554.2500
2015 05 28 554.1800
2015 05 29 545.3200
2015 06 01 549.2100
2015 06 02 553.9500
2015 06 03 555.2900
2015 06 04 551.6900
2015 06 05 549.5300
2015 06 08 543.4800
2015 06 09 542.1600
2015 06 10 552.6000
2015 06 11 550.0400
2015 06 12 547.4700
2015 06 15 543.0000
2015 06 16 544.8700
2015 06 17 546.6000
2015 06 18 556.1800
2015 06 19 557.5200
2015 06 22 559.6800
2015 06 23 563.3900
2015 06 24 558.5700
2015 06 25 557.9500
2015 06 26 553.0600
2015 06 29 541.2500
2015 06 30 540.0400
2015 07 01 543.3000
2015 07 02 547.3400
2015 07 06 545.6200
2015 07 07 550.0300
2015 07 08 541.7000
2015 07 09 544.6500
2015 07 10 556.1100
2015 07 13 571.7300
2015 07 14 584.1800
2015 07 15 583.9600
2015 07 16 601.7800
2015 07 17 699.6200
2015 07 20 692.8400
2015 07 21 695.3500
2015 07 22 695.1000
2015 07 23 674.7300
2015 07 24 654.7700
2015 07 27 658.2700
2015 07 28 659.6600
2015 07 29 661.4300
2015 07 30 664.5600
2015 07 31 657.5000
2015 08 03 664.7200
2015 08 04 661.2800
2015 08 05 673.2900
2015 08 06 670.1500
2015 08 07 664.3900
2015 08 10 663.1400
2015 08 11 690.3000
2015 08 12 691.4700
2015 08 13 686.5100
2015 08 14 689.3700
2015 08 17 694.1100
2015 08 18 688.7300
2015 08 19 694.0400
2015 08 20 679.4800
2015 08 21 644.0300
2015 08 24 618.1100
2015 08 25 612.4700
2015 08 26 659.7400
2015 08 27 667.9600
2015 08 28 659.6900
2015 08 31 647.8200
2015 09 01 629.5600
2015 09 02 644.9100
2015 09 03 637.0500
2015 09 04 628.9600
2015 09 08 643.8800
2015 09 09 643.4100
2015 09 10 651.0800
2015 09 11 655.3000
2015 09 14 652.4700
2015 09 15 665.0700
2015 09 16 665.5200
2015 09 17 671.6700
2015 09 18 660.9200
2015 09 21 666.9800
2015 09 22 653.2000
2015 09 23 653.2900
2015 09 24 654.9100
2015 09 25 640.1500
2015 09 28 624.2500
2015 09 29 622.6100
2015 09 30 637.2000
2015 10 01 642.0000
2015 10 02 656.9900
2015 10 05 671.6800
2015 10 06 671.6400
2015 10 07 670.0000
2015 10 08 667.0000
2015 10 09 671.2400
2015 10 12 676.4300
2015 10 13 683.1700
2015 10 14 680.4100
2015 10 15 693.0200
2015 10 16 695.3200
2015 10 19 699.9500
2015 10 20 680.0000
2015 10 21 671.8000
2015 10 22 681.1400
2015 10 23 719.3300
2015 10 26 731.1200
2015 10 27 732.8200
2015 10 28 736.9200
2015 10 29 744.8500
2015 10 30 737.3900
2015 11 02 747.7400
2015 11 03 748.8200
2015 11 04 755.3100
2015 11 05 760.6700
2015 11 06 761.6000
2015 11 09 754.7700
2015 11 10 758.2600
2015 11 11 765.2500
2015 11 12 756.5300
2015 11 13 740.0700
2015 11 16 750.4200
2015 11 17 745.9800
2015 11 18 760.0100
2015 11 19 759.9400
2015 11 20 777.0000
2015 11 23 776.7000
2015 11 24 769.6300
2015 11 25 769.2600
2015 11 27 771.9700
2015 11 30 762.8500
2015 12 01 783.7900
2015 12 02 777.8500
2015 12 03 768.2000
2015 12 04 779.2100
2015 12 07 772.9900
2015 12 08 775.1400
2015 12 09 762.5500
2015 12 10 760.0400
2015 12 11 750.4200
2015 12 14 762.5400
2015 12 15 760.0900
2015 12 16 776.5900
2015 12 17 769.8300
2015 12 18 756.8500
2015 12 21 760.8000
2015 12 22 767.1300
2015 12 23 768.5100
2015 12 24 765.8400
2015 12 28 782.2400
2015 12 29 793.9600
2015 12 30 790.3000
2015 12 31 778.0100
2016 01 04 759.4400
2016 01 05 761.5300
2016 01 06 759.3300
2016 01 07 741.0000
2016 01 08 730.9100
2016 01 11 733.0700
2016 01 12 745.3400
2016 01 13 719.5700
2016 01 14 731.3900
2016 01 15 710.4900
2016 01 19 719.0800
2016 01 20 718.5600
2016 01 21 726.6700
2016 01 22 745.4600
2016 01 25 733.6200
2016 01 26 733.7900
2016 01 27 717.5800
2016 01 28 748.3000
2016 01 29 761.3500
2016 02 01 770.7700
2016 02 02 780.9100
2016 02 03 749.3800
2016 02 04 730.0300
2016 02 05 703.7600
2016 02 08 704.1600
2016 02 09 701.0200
2016 02 10 706.8500
2016 02 11 706.3600
2016 02 12 706.8900
2016 02 16 717.6400
2016 02 17 731.9700
2016 02 18 717.5100
2016 02 19 722.1100
2016 02 22 729.0500
2016 02 23 717.2900
2016 02 24 720.9000
2016 02 25 729.1200
2016 02 26 724.8600
2016 02 29 717.2200
2016 03 01 742.1700
2016 03 02 739.4800
2016 03 03 731.5900
2016 03 04 730.2200
2016 03 07 712.8000
2016 03 08 713.5300
2016 03 09 725.4100
2016 03 10 732.1700
2016 03 11 744.8700
2016 03 14 750.2400
2016 03 15 750.5700
2016 03 16 757.3600
2016 03 17 758.4800
2016 03 18 755.4100
2016 03 21 762.1600
2016 03 22 760.0500
2016 03 23 757.5600
2016 03 24 754.8400
2016 03 28 753.2800
2016 03 29 765.8900
2016 03 30 768.3400
2016 03 31 762.9000
2016 04 01 769.6700
2016 04 04 765.1200
2016 04 05 758.5700
2016 04 06 768.0700
2016 04 07 760.1200
2016 04 08 759.4700
2016 04 11 757.5400
2016 04 12 764.3200
2016 04 13 771.9100
2016 04 14 775.3900
2016 04 15 780.0000
2016 04 18 787.6800
2016 04 19 776.2500
2016 04 20 774.9200
2016 04 21 780.0000
2016 04 22 737.7700
2016 04 25 742.2100
2016 04 26 725.3700
2016 04 27 721.4600
2016 04 28 705.0600
2016 04 29 707.8800
2016 05 02 714.4100
2016 05 03 708.4400
2016 05 04 711.3700
2016 05 05 714.7100
2016 05 06 725.1800
2016 05 09 729.1300
2016 05 10 739.3800
2016 05 11 730.5500
2016 05 12 728.0700
2016 05 13 724.8300
2016 05 16 730.3000
2016 05 17 720.1900
2016 05 18 721.7800
2016 05 19 715.3100
2016 05 20 721.7100
2016 05 23 717.2500
2016 05 24 733.0300
2016 05 25 738.1000
2016 05 26 736.9300
2016 05 27 747.6000
2016 05 31 748.8500
2016 06 01 748.4600
2016 06 02 744.2700
2016 06 03 735.8600
2016 06 06 730.0600
2016 06 07 731.0900
2016 06 08 742.9300
2016 06 09 742.5200
2016 06 10 733.1900
2016 06 13 731.8800
2016 06 14 733.2500
2016 06 15 732.1900
2016 06 16 724.2500
2016 06 17 704.2500
2016 06 20 706.1300
2016 06 21 708.8800
2016 06 22 710.4700
2016 06 23 714.8700
2016 06 24 685.2000
2016 06 27 681.1400
2016 06 28 691.2600
2016 06 29 695.1900
2016 06 30 703.5300
2016 07 01 710.2500
2016 07 05 704.8900
2016 07 06 708.9700
2016 07 07 707.2600
2016 07 08 717.7800
2016 07 11 727.2000
2016 07 12 732.5100
2016 07 13 729.4800
2016 07 14 735.8000
2016 07 15 735.6300
2016 07 18 753.2000
2016 07 19 753.4100
2016 07 20 757.0800
2016 07 21 754.4100
2016 07 22 759.2800
2016 07 25 757.5200
2016 07 26 757.6500
2016 07 27 761.9700
2016 07 28 765.8400
2016 07 29 791.3400
2016 08 01 800.9400
2016 08 02 800.1200
2016 08 03 798.9200
2016 08 04 797.2500
2016 08 05 806.9300
2016 08 08 805.2300
2016 08 09 807.4800
2016 08 10 808.4900
2016 08 11 808.2000
2016 08 12 807.0500
2016 08 15 805.9600
2016 08 16 801.1900
2016 08 17 805.4200
2016 08 18 802.7500
2016 08 19 799.6500
2016 08 22 796.9500
2016 08 23 796.5900
2016 08 24 793.6000
2016 08 25 791.3000
2016 08 26 793.2200
2016 08 29 795.8200
2016 08 30 791.9200
2016 08 31 789.8500
2016 09 01 791.4000
2016 09 02 796.8700
2016 09 06 808.0200
2016 09 07 807.9900
2016 09 08 802.8400
2016 09 09 788.4800
2016 09 12 798.8200
2016 09 13 788.7200
2016 09 14 790.4600
2016 09 15 801.2300
2016 09 16 797.9700
2016 09 19 795.3900
2016 09 20 799.7800
2016 09 21 805.0300
2016 09 22 815.9500
2016 09 23 814.9600
2016 09 26 802.6500
2016 09 27 810.7300
2016 09 28 810.0600
2016 09 29 802.6400
2016 09 30 804.0600
2016 10 03 800.3800
2016 10 04 802.7900
2016 10 05 801.2300
2016 10 06 803.0800
2016 10 07 800.7100
2016 10 10 814.1700
2016 10 11 809.5700
2016 10 12 811.7700
2016 10 13 804.0800
2016 10 14 804.6000
2016 10 17 806.8400
2016 10 18 821.4900
2016 10 19 827.0900
2016 10 20 821.6300
2016 10 21 824.0600
2016 10 24 835.7400
2016 10 25 828.5500
2016 10 26 822.1000
2016 10 27 817.3500
2016 10 28 819.5600
2016 10 31 809.9000
2016 11 01 805.4800
2016 11 02 788.4200
2016 11 03 782.1900
2016 11 04 781.1000
2016 11 07 802.0300
2016 11 08 811.9800
2016 11 09 805.5900
2016 11 10 780.2900
2016 11 11 771.7500
2016 11 14 753.2200
2016 11 15 775.1600
2016 11 16 779.9800
2016 11 17 786.1600
2016 11 18 775.9700
2016 11 21 784.8000
2016 11 22 785.0000
2016 11 23 779.0000
2016 11 25 780.2300
2016 11 28 785.7900
2016 11 29 789.4400
2016 11 30 775.8800
2016 12 01 764.3300
2016 12 02 764.4600
2016 12 05 778.2200
2016 12 06 776.1800
2016 12 07 791.4700
2016 12 08 795.1700
2016 12 09 809.4500
2016 12 12 807.9000
2016 12 13 815.3400
2016 12 14 817.8900
2016 12 15 815.6500
2016 12 16 809.8400
2016 12 19 812.5000
2016 12 20 815.2000
2016 12 21 812.2000
2016 12 22 809.6800
2016 12 23 807.8000
2016 12 27 809.9300
2016 12 28 804.5700
2016 12 29 802.8800
2016 12 30 792.4500
2017 01 03 808.0100
2017 01 04 807.7700
2017 01 05 813.0200
2017 01 06 825.2100
2017 01 09 827.1800
2017 01 10 826.0100
2017 01 11 829.8600
2017 01 12 829.5300
2017 01 13 830.9400
2017 01 17 827.4600
2017 01 18 829.0200
2017 01 19 824.3700
2017 01 20 828.1700
2017 01 23 844.4300
2017 01 24 849.5300
2017 01 25 858.4500
2017 01 26 856.9800
2017 01 27 845.0300
2017 01 30 823.8300
2017 01 31 820.1900
2017 02 01 815.2400
2017 02 02 818.2600
2017 02 03 820.1300
2017 02 06 821.6200
2017 02 07 829.2300
2017 02 08 829.8800
2017 02 09 830.0600
2017 02 10 834.8500
2017 02 13 838.9600
2017 02 14 840.0300
2017 02 15 837.3200
2017 02 16 842.1700
2017 02 17 846.5500
2017 02 21 849.2700
2017 02 22 851.3600
2017 02 23 851.0000
2017 02 24 847.8100
2017 02 27 849.6700
2017 02 28 844.9300
2017 03 01 856.7500
2017 03 02 849.8500
2017 03 03 849.0800
2017 03 06 847.2700
2017 03 07 851.1500
2017 03 08 853.6400
2017 03 09 857.8400
2017 03 10 861.4050
2017 03 13 864.5800
2017 03 14 865.9100
2017 03 15 868.3900
2017 03 16 870.0000
2017 03 17 872.3700
2017 03 20 867.9100
2017 03 21 850.1400
2017 03 22 849.8000
2017 03 23 839.6500
2017 03 24 835.1400
2017 03 27 838.5100
2017 03 28 840.6300
2017 03 29 849.8700
2017 03 30 849.4800
2017 03 31 847.8000
2017 04 03 856.7500
2017 04 04 852.5700
2017 04 05 848.9100
2017 04 06 845.0950
2017 04 07 842.1000
2017 04 10 841.7000
2017 04 11 839.8800
2017 04 12 841.4600
2017 04 13 840.1800
2017 04 17 855.1300
2017 04 18 853.9900
2017 04 19 856.5100
2017 04 20 860.0800
2017 04 21 858.9500
2017 04 24 878.9300
2017 04 25 888.8400
2017 04 26 889.1400
2017 04 27 891.4400
2017 04 28 924.5200
2017 05 01 932.8200
2017 05 02 937.0900
2017 05 03 948.4500
2017 05 04 954.7200
2017 05 05 950.2800
2017 05 08 958.6900
2017 05 09 956.7100
2017 05 10 954.8400
2017 05 11 955.8900
2017 05 12 955.1400
2017 05 15 959.2200
2017 05 16 964.6100
2017 05 17 942.1700
2017 05 18 950.5000
2017 05 19 954.6500
2017 05 22 964.0700
2017 05 23 970.5500
2017 05 24 977.6100
2017 05 25 991.8600
2017 05 26 993.2700
2017 05 30 996.1700
2017 05 31 987.0900
2017 06 01 988.2900
2017 06 02 996.1200
2017 06 05 1003.8800
2017 06 06 996.6800
2017 06 07 1001.5900
2017 06 08 1004.2800
2017 06 09 970.1200
2017 06 12 961.8100
2017 06 13 970.5000
2017 06 14 967.9300
2017 06 15 960.1800
2017 06 16 958.6200
2017 06 19 975.2200
2017 06 20 968.9900
2017 06 21 978.5900
2017 06 22 976.6200
2017 06 23 986.0900
2017 06 26 972.0900
2017 06 27 948.0900
2017 06 28 961.0100
2017 06 29 937.8200
2017 06 30 929.6800
2017 07 03 919.4600
2017 07 05 932.2600
2017 07 06 927.6900
2017 07 07 940.8100
2017 07 10 951.0000
2017 07 11 953.5300
2017 07 12 967.6600
2017 07 13 968.8500
2017 07 14 976.9100
2017 07 17 975.9600
2017 07 18 986.9500
2017 07 19 992.7700
2017 07 20 992.1900
2017 07 21 993.8400
2017 07 24 998.3100
2017 07 25 969.0300
2017 07 26 965.3100
2017 07 27 952.5100
2017 07 28 958.3300
2017 07 31 945.5000
2017 08 01 946.5600
2017 08 02 947.6400
2017 08 03 940.3000
2017 08 04 945.7900
2017 08 07 945.7500
2017 08 08 944.1900
2017 08 09 940.0800
2017 08 10 923.5900
2017 08 11 930.0900
2017 08 14 938.9300
2017 08 15 938.0800
2017 08 16 944.2700
2017 08 17 927.6600
2017 08 18 926.1800
2017 08 21 920.8700
2017 08 22 940.4000
2017 08 23 942.5800
2017 08 24 936.8900
2017 08 25 930.5000
2017 08 28 928.1300
2017 08 29 935.7500
2017 08 30 943.6300
2017 08 31 955.2400
2017 09 01 951.9900
2017 09 05 941.4800
2017 09 06 942.0200
2017 09 07 949.8900
2017 09 08 941.4100
2017 09 11 943.2900
2017 09 12 946.6500
2017 09 13 950.4400
2017 09 14 940.1300
2017 09 15 935.2900
2017 09 18 929.7500
2017 09 19 936.8600
2017 09 20 947.5400
2017 09 21 947.5500
2017 09 22 943.2600
2017 09 25 934.2800
2017 09 26 937.4300
2017 09 27 959.9000
2017 09 28 964.8100
2017 09 29 973.7200
2017 10 02 967.4700
2017 10 03 972.0800
2017 10 04 966.7800
2017 10 05 985.1900
2017 10 06 993.6400
2017 10 09 992.3100
2017 10 10 987.8000
2017 10 11 1005.6500
2017 10 12 1005.6500
2017 10 13 1007.8700
2017 10 16 1009.3500
2017 10 17 1011.0000
2017 10 18 1012.7400
2017 10 19 1001.8400
2017 10 20 1005.0700
2017 10 23 985.5400
2017 10 24 988.4900
2017 10 25 991.4600
2017 10 26 991.4200
2017 10 27 1033.6700
2017 10 30 1033.1300
2017 10 31 1033.0400
2017 11 01 1042.6000
2017 11 02 1042.9700
2017 11 03 1049.9900
2017 11 06 1042.6800
2017 11 07 1052.3900
2017 11 08 1058.2900
2017 11 09 1047.7200
2017 11 10 1044.1500
2017 11 13 1041.2000
2017 11 14 1041.6400
2017 11 15 1036.4100
2017 11 16 1048.4700
2017 11 17 1035.8900
2017 11 20 1034.6600
2017 11 21 1050.3000
2017 11 22 1051.9200
2017 11 24 1056.5200
2017 11 27 1072.0100
2017 11 28 1063.2900
2017 11 29 1037.3800
2017 11 30 1036.1700
2017 12 01 1025.0700
2017 12 04 1011.8700
2017 12 05 1019.6000
2017 12 06 1032.7200
2017 12 07 1044.5700
2017 12 08 1049.3800
2017 12 11 1051.9700
2017 12 12 1048.7700
2017 12 13 1051.3900
2017 12 14 1057.4700
2017 12 15 1072.0000
2017 12 18 1085.0900
2017 12 19 1079.7800
2017 12 20 1073.5600
2017 12 21 1070.8500
2017 12 22 1068.8600
2017 12 26 1065.8500
2017 12 27 1060.2000
2017 12 28 1055.9500
2017 12 29 1053.4000
2018 01 02 1073.2100
2018 01 03 1091.5200
2018 01 04 1095.7600
2018 01 05 1110.2900
2018 01 08 1114.2100
2018 01 09 1112.7900
2018 01 10 1110.1400
2018 01 11 1112.0500
2018 01 12 1130.6500
2018 01 16 1130.7000
2018 01 17 1139.1000
2018 01 18 1135.9700
2018 01 19 1143.5000
2018 01 22 1164.1600
2018 01 23 1176.1700
2018 01 24 1171.2900
2018 01 25 1182.1400
2018 01 26 1187.5600
2018 01 29 1186.4800
2018 01 30 1177.3700
2018 01 31 1182.2200
2018 02 01 1181.5900
2018 02 02 1119.2000
2018 02 05 1062.3900
2018 02 06 1084.4300
2018 02 07 1055.4100
2018 02 08 1007.7100
2018 02 09 1046.2700
2018 02 12 1054.5600
2018 02 13 1054.1400
2018 02 14 1072.7000
2018 02 15 1091.3600
2018 02 16 1095.5000
2018 02 20 1103.5900
2018 02 21 1113.7500
2018 02 22 1109.9000
2018 02 23 1128.0900
2018 02 26 1143.7000
2018 02 27 1117.5100
2018 02 28 1103.9200
2018 03 01 1071.4100
2018 03 02 1084.1400
2018 03 05 1094.7600
2018 03 06 1100.9000
2018 03 07 1115.0400
2018 03 08 1129.3800
2018 03 09 1160.8400
2018 03 12 1165.9300
2018 03 13 1139.9100
2018 03 14 1148.8900
2018 03 15 1150.6100
2018 03 16 1134.4200
2018 03 19 1100.0700
2018 03 20 1095.8000
2018 03 21 1094.0000
2018 03 22 1053.1500
2018 03 23 1026.5500
2018 03 26 1054.0900
2018 03 27 1006.9400
2018 03 28 1005.1800
2018 03 29 1037.1400
2018 04 02 1012.6300
2018 04 03 1018.6800
2018 04 04 1029.7100
2018 04 05 1032.6400
2018 04 06 1009.9500
2018 04 09 1020.0900
2018 04 10 1036.5000
2018 04 11 1025.0600
2018 04 12 1037.2900
2018 04 13 1036.0400
2018 04 16 1046.1000
2018 04 17 1079.3600
2018 04 18 1075.3900
2018 04 19 1089.4500
2018 04 20 1077.3200
2018 04 23 1073.8100
2018 04 24 1022.6400
2018 04 25 1022.9900
2018 04 26 1043.3100
2018 04 27 1031.4500
2018 04 30 1018.5800
2018 05 01 1040.7500
2018 05 02 1026.0500
2018 05 03 1026.3000
2018 05 04 1051.0000
2018 05 07 1059.4600
2018 05 08 1058.5900
2018 05 09 1088.9500
2018 05 10 1105.4700
2018 05 11 1103.3800
2018 05 14 1106.6000
2018 05 15 1084.8700
2018 05 16 1084.0900
2018 05 17 1081.2600
2018 05 18 1069.6400
2018 05 21 1084.0100
2018 05 22 1075.3100
2018 05 23 1085.9600
2018 05 24 1085.4500
2018 05 25 1084.0800
2018 05 29 1068.0700
2018 05 30 1077.4700
2018 05 31 1100.0000
2018 06 01 1135.0000
2018 06 04 1153.0400
2018 06 05 1151.0200
2018 06 06 1146.9500
2018 06 07 1134.4200
2018 06 08 1132.7100
2018 06 11 1140.9000
2018 06 12 1148.1900
2018 06 13 1144.2300
2018 06 14 1160.1100
2018 06 15 1159.2700
2018 06 18 1183.5800
2018 06 19 1178.6900
2018 06 20 1184.0700
2018 06 21 1169.4400
2018 06 22 1169.2900
2018 06 25 1139.2800
2018 06 26 1132.6200
2018 06 27 1116.9400
2018 06 28 1126.7800
2018 06 29 1129.1900
2018 07 02 1142.1100
2018 07 03 1116.2800
2018 07 05 1141.2900
2018 07 06 1155.0800
2018 07 09 1167.2800
2018 07 10 1167.1400
2018 07 11 1171.4600
2018 07 12 1201.2600
2018 07 13 1204.4200
2018 07 16 1196.5100
2018 07 17 1213.0800
2018 07 18 1212.9100
2018 07 19 1199.1000
2018 07 20 1197.8800
2018 07 23 1211.0000
2018 07 24 1258.1500
2018 07 25 1275.9400
2018 07 26 1285.5000
2018 07 27 1252.8900
2018 07 30 1230.0400
2018 07 31 1227.2200
2018 08 01 1232.9900
2018 08 02 1241.1300
2018 08 03 1238.1600
2018 08 06 1237.6700
2018 08 07 1255.8400
2018 08 08 1261.3300
2018 08 09 1264.4600
2018 08 10 1252.5100
2018 08 13 1248.6400
2018 08 14 1258.1400
2018 08 15 1232.2200
2018 08 16 1224.0600
2018 08 17 1215.8500
2018 08 20 1221.9500
2018 08 21 1217.4100
2018 08 22 1221.7500
2018 08 23 1221.1600
2018 08 24 1236.7500
2018 08 27 1256.2700
2018 08 28 1245.8600
2018 08 29 1264.6500
2018 08 30 1254.4400
2018 08 31 1231.8000
2018 09 04 1211.3100
2018 09 05 1199.1000
2018 09 06 1183.9900
2018 09 07 1177.5900
2018 09 10 1175.0600
2018 09 11 1189.9900
2018 09 12 1171.6000
2018 09 13 1182.1400
2018 09 14 1177.9800
2018 09 17 1159.8300
2018 09 18 1167.1100
2018 09 19 1174.2700
2018 09 20 1191.5700
2018 09 21 1172.1200
2018 09 24 1179.5600
2018 09 25 1193.8900
2018 09 26 1194.0600
2018 09 27 1207.3600
2018 09 28 1207.0800
2018 10 01 1208.5300
2018 10 02 1207.6400
2018 10 03 1211.5300
2018 10 04 1177.0700
2018 10 05 1167.8300
2018 10 08 1155.9200
2018 10 09 1145.1700
2018 10 10 1092.1600
2018 10 11 1090.7400
2018 10 12 1120.5400
2018 10 15 1102.4400
2018 10 16 1133.0800
2018 10 17 1127.5900
2018 10 18 1097.9100
2018 10 19 1105.1800
2018 10 22 1111.3700
2018 10 23 1114.9100
2018 10 24 1057.1200
2018 10 25 1103.5900
2018 10 26 1083.7500
2018 10 29 1034.7300
2018 10 30 1049.5100
2018 10 31 1090.5800
2018 11 01 1085.9800
2018 11 02 1071.4900
2018 11 05 1055.7300
2018 11 06 1069.5700
2018 11 07 1108.2400
2018 11 08 1094.6300
2018 11 09 1077.0200
2018 11 12 1049.3600
2018 11 13 1047.9700
2018 11 14 1054.5800
2018 11 15 1071.0500
2018 11 16 1068.2700
2018 11 19 1027.4200
2018 11 20 1030.4500
2018 11 21 1043.4300
2018 11 23 1030.1000
2018 11 26 1055.9400
2018 11 27 1052.2800
2018 11 28 1091.7900
2018 11 29 1094.5800
2018 11 30 1109.6500
2018 12 03 1116.3600
2018 12 04 1062.4700
2018 12 06 1078.0800
2018 12 07 1046.5800
2018 12 10 1053.1800
2018 12 11 1061.6500
2018 12 12 1073.7300
2018 12 13 1073.5400
2018 12 14 1051.7100
2018 12 17 1025.6500
2018 12 18 1043.4100
2018 12 19 1035.4600
2018 12 20 1023.5800
2018 12 21 991.2500
2018 12 24 984.6700
2018 12 26 1047.8500
2018 12 27 1052.9000
2018 12 28 1046.6800
2018 12 31 1044.9600
2019 01 02 1054.6800
2019 01 03 1025.4700
2019 01 04 1078.0700
2019 01 07 1075.9200
2019 01 08 1085.3700
2019 01 09 1081.6500
2019 01 10 1078.8300
2019 01 11 1064.4700
2019 01 14 1051.5100
2019 01 15 1086.5100
2019 01 16 1089.5100
2019 01 17 1099.1200
2019 01 18 1107.3000
2019 01 22 1078.6300
2019 01 23 1084.4100
2019 01 24 1084.0000
2019 01 25 1101.5100
2019 01 28 1079.8600
2019 01 29 1070.0600
2019 01 30 1097.9900
2019 01 31 1125.8900
2019 02 01 1118.6200
2019 02 04 1141.4200
2019 02 05 1151.8700
2019 02 06 1122.8900
2019 02 07 1105.9100
2019 02 08 1102.3800
2019 02 11 1102.1200
2019 02 12 1127.5800
2019 02 13 1128.6300
2019 02 14 1129.2000
2019 02 15 1119.6300
2019 02 19 1126.5100
2019 02 20 1120.5900
2019 02 21 1104.2100
2019 02 22 1116.5600
2019 02 25 1117.3300
2019 02 26 1122.0100
2019 02 27 1122.8900
2019 02 28 1126.5500
2019 03 01 1148.5200
2019 03 04 1153.4200
2019 03 05 1169.1900
2019 03 06 1164.9400
2019 03 07 1150.8500
2019 03 08 1149.9700
2019 03 11 1179.2600
2019 03 12 1197.2500
2019 03 13 1199.0600
2019 03 14 1192.5300
2019 03 15 1190.3000
2019 03 18 1188.5500
2019 03 19 1202.4600
2019 03 20 1226.4300
2019 03 21 1236.1300
2019 03 22 1207.6500
2019 03 25 1197.3800
2019 03 26 1189.8400
2019 03 27 1178.0100
2019 03 28 1172.2700
2019 03 29 1176.8900
2019 04 01 1198.9800
2019 04 02 1205.5400
2019 04 03 1210.8100
2019 04 04 1219.4500
2019 04 05 1211.4500
2019 04 08 1208.2800
2019 04 09 1202.6900
2019 04 10 1206.4500
2019 04 11 1209.5900
2019 04 12 1222.7300
2019 04 15 1226.5300
2019 04 16 1231.9100
2019 04 17 1240.1400
2019 04 18 1241.4700
2019 04 22 1253.7600
2019 04 23 1270.5900
2019 04 24 1260.0500
2019 04 25 1267.3400
2019 04 26 1277.4200
2019 04 29 1296.2000
2019 04 30 1198.9600
2019 05 01 1173.3200
2019 05 02 1166.5100
2019 05 03 1189.5500
2019 05 06 1193.4600
2019 05 07 1178.8600
2019 05 08 1170.7800
2019 05 09 1167.9700
2019 05 10 1167.6400
2019 05 13 1136.5900
2019 05 14 1124.8600
2019 05 15 1170.8000
2019 05 16 1184.5000
2019 05 17 1168.7800
2019 05 20 1144.6600
2019 05 21 1154.4400
2019 05 22 1155.8500
2019 05 23 1145.3400
2019 05 24 1138.6100
2019 05 28 1139.5600
2019 05 29 1119.9400
2019 05 30 1121.4100
2019 05 31 1106.5000
2019 06 03 1038.7400
2019 06 04 1054.4900
2019 06 05 1044.6400
2019 06 06 1047.7600
2019 06 07 1068.3700
2019 06 10 1082.7600
2019 06 11 1081.0400
2019 06 12 1079.1000
2019 06 13 1091.0100
2019 06 14 1086.3000
2019 06 17 1093.8900
2019 06 18 1105.2400
2019 06 19 1104.5100
2019 06 20 1113.2000
2019 06 21 1125.3700
2019 06 24 1116.7000
2019 06 25 1087.5800
2019 06 26 1080.3200
2019 06 27 1076.6300
2019 06 28 1082.8000
2019 07 01 1100.0000
2019 07 02 1112.6000
2019 07 03 1122.9900
2019 07 05 1132.6600
2019 07 08 1116.7900
2019 07 09 1124.2900
2019 07 10 1140.9100
2019 07 11 1144.0800
2019 07 12 1145.3400
2019 07 15 1150.5100
2019 07 16 1153.4600
2019 07 17 1146.7400
2019 07 18 1147.2400
2019 07 19 1131.5500
2019 07 22 1139.2100
2019 07 23 1148.0500
2019 07 24 1139.7300
2019 07 25 1135.9400
2019 07 26 1245.2200
2019 07 29 1241.8400
2019 07 30 1228.0000
2019 07 31 1218.2000
2019 08 01 1211.7800
2019 08 02 1196.3200
2019 08 05 1154.7500
2019 08 06 1171.0800
2019 08 07 1175.9100
2019 08 08 1206.1900
2019 08 09 1188.9000
2019 08 12 1174.5000
2019 08 13 1196.7300
2019 08 14 1164.2500
2019 08 15 1169.3200
2019 08 16 1179.2100
2019 08 19 1200.4400
2019 08 20 1183.5300
2019 08 21 1191.5800
2019 08 22 1191.5200
2019 08 23 1153.5800
2019 08 26 1171.1800
2019 08 27 1170.8200
2019 08 28 1173.7500
2019 08 29 1194.2400
2019 08 30 1190.5300
2019 09 03 1169.5500
2019 09 04 1182.2700
2019 09 05 1212.1900
2019 09 06 1206.3200
2019 09 09 1205.2700
2019 09 10 1205.7000
2019 09 11 1220.0000
2019 09 12 1234.9700
2019 09 13 1240.0300
2019 09 16 1231.6300
2019 09 17 1229.8800
2019 09 18 1232.6500
2019 09 19 1238.7500
2019 09 20 1229.8400
2019 09 23 1234.6900
2019 09 24 1218.3300
2019 09 25 1245.9400
2019 09 26 1242.2900
2019 09 27 1225.9500
2019 09 30 1221.1400
2019 10 01 1206.0000
2019 10 02 1177.9200
2019 10 03 1189.4300
2019 10 04 1210.9600
2019 10 07 1208.2500
2019 10 08 1190.1300
2019 10 09 1202.4000
2019 10 10 1209.4700
2019 10 11 1215.7100
2019 10 14 1217.7700
2019 10 15 1242.2400
2019 10 16 1243.0000
2019 10 17 1252.8000
2019 10 18 1244.4100
2019 10 21 1244.2800
2019 10 22 1241.2000
2019 10 23 1257.6300
2019 10 24 1259.1100
2019 10 25 1264.3000
2019 10 28 1288.9800
2019 10 29 1260.6600
2019 10 30 1260.7000
2019 10 31 1258.8000
2019 11 01 1272.2500
2019 11 04 1289.6100
2019 11 05 1291.4400
2019 11 06 1291.0100
2019 11 07 1306.9400
2019 11 08 1309.0000
2019 11 11 1298.2800
2019 11 12 1297.2100
2019 11 13 1296.1800
2019 11 14 1309.1500
2019 11 15 1333.5400
2019 11 18 1319.8400
2019 11 19 1312.5900
2019 11 20 1301.8600
2019 11 21 1300.1400
2019 11 22 1293.6700
2019 11 25 1305.6400
2019 11 26 1313.0000
2019 11 27 1312.1300
2019 11 29 1304.0900
2019 12 02 1288.8600
2019 12 03 1294.7400
2019 12 04 1318.9400
2019 12 05 1326.9600
2019 12 06 1339.3900
2019 12 09 1342.9900
2019 12 10 1342.8900
2019 12 11 1344.2500
2019 12 12 1348.4900
2019 12 13 1346.8700
2019 12 16 1360.7000
2019 12 17 1354.8900
2019 12 18 1351.9100
2019 12 19 1356.4400
2019 12 20 1351.2200
2019 12 23 1350.6300
2019 12 24 1344.4300
2019 12 26 1362.4700
2019 12 27 1354.6400
2019 12 30 1339.7100
2019 12 31 1339.3900
2020 01 02 1368.6800
2020 01 03 1361.5200
2020 01 06 1397.8100
2020 01 07 1395.1100
2020 01 08 1405.0400
2020 01 09 1419.7900
2020 01 10 1428.9600
2020 01 13 1440.0300
2020 01 14 1430.5900
2020 01 15 1439.2000
2020 01 16 1450.1600
2020 01 17 1479.5200
2020 01 21 1482.2500
2020 01 22 1484.1700
2020 01 23 1484.6900
2020 01 24 1466.1700
2020 01 27 1431.7300
2020 01 28 1450.5000
2020 01 29 1456.7000
2020 01 30 1454.2500
2020 01 31 1432.7800
2020 02 03 1482.6000
2020 02 04 1445.4100
2020 02 05 1446.0500
2020 02 06 1475.9700
2020 02 07 1479.1100
2020 02 10 1508.6600
2020 02 11 1510.0600
2020 02 12 1518.6300
2020 02 13 1513.3900
2020 02 14 1518.7300
2020 02 18 1519.4400
2020 02 19 1524.8700
2020 02 20 1516.9900
2020 02 21 1483.4600
2020 02 24 1419.8600
2020 02 25 1386.3200
2020 02 26 1390.4700
2020 02 27 1314.9500
2020 02 28 1339.2500
2020 03 02 1386.3200
2020 03 03 1337.7200
2020 03 04 1381.6000
2020 03 05 1314.7600
2020 03 06 1295.7400
2020 03 09 1215.7900
2020 03 10 1275.1700
2020 03 11 1210.9000
2020 03 12 1111.5500
2020 03 13 1214.2700
2020 03 16 1073.0000
2020 03 17 1118.0600
2020 03 18 1091.1900
2020 03 19 1111.6700
2020 03 20 1068.2100
2020 03 23 1054.1300
2020 03 24 1130.0100
2020 03 25 1101.6200
2020 03 26 1162.9200
2020 03 27 1110.2600
2020 03 30 1146.3100
2020 03 31 1161.9500
2020 04 01 1102.1000
2020 04 02 1117.0300
2020 04 03 1092.7000
2020 04 06 1183.1900
2020 04 07 1182.5600
2020 04 08 1207.0000
2020 04 09 1206.5700
2020 04 13 1210.4100
2020 04 14 1265.2300
2020 04 15 1257.3000
2020 04 16 1257.4300
2020 04 17 1279.0000
2020 04 20 1261.1500
2020 04 21 1212.1600
2020 04 22 1258.4100
2020 04 23 1271.1700
2020 04 24 1276.6000
2020 04 27 1270.8600
2020 04 28 1232.5900
2020 04 29 1342.1800
2020 04 30 1346.7000
2020 05 01 1317.3200
2020 05 04 1322.9000
2020 05 05 1349.0200
2020 05 06 1345.4300
2020 05 07 1369.2800
2020 05 08 1384.3400
2020 05 11 1403.5900
2020 05 12 1375.1800
2020 05 13 1348.3300
2020 05 14 1356.8600
2020 05 15 1373.0600
2020 05 18 1385.1800
2020 05 19 1374.4000
2020 05 20 1409.1600
2020 05 21 1406.7500
2020 05 22 1413.2400
2020 05 26 1421.3700
2020 05 27 1420.2800
2020 05 28 1418.2400
2020 05 29 1433.5200
2020 06 01 1434.8700
2020 06 02 1442.3100
2020 06 03 1439.2500
2020 06 04 1414.3000
2020 06 05 1440.0200
2020 06 08 1448.0400
2020 06 09 1452.0800
2020 06 10 1464.7000
2020 06 11 1401.9000
2020 06 12 1412.9200
2020 06 15 1420.7400
2020 06 16 1446.4700
2020 06 17 1452.5400
2020 06 18 1434.1200
2020 06 19 1424.6400
2020 06 22 1450.6600
2020 06 23 1463.9800
2020 06 24 1432.7000
2020 06 25 1441.1000
2020 06 26 1362.5400
2020 06 29 1397.1700
2020 06 30 1418.0500
2020 07 01 1442.0000
2020 07 02 1469.9300
2020 07 06 1499.6500
2020 07 07 1489.9200
2020 07 08 1503.6000
2020 07 09 1518.6600
2020 07 10 1539.0100
2020 07 13 1512.2300
2020 07 14 1520.8600
2020 07 15 1516.8800
2020 07 16 1514.9200
2020 07 17 1516.8500
2020 07 20 1563.8400
2020 07 21 1555.9200
2020 07 22 1564.8500
2020 07 23 1516.7500
2020 07 24 1508.2100
2020 07 27 1529.4300
2020 07 28 1503.6500
2020 07 29 1523.5100
2020 07 30 1538.3700
2020 07 31 1487.9500
2020 08 03 1482.7600
2020 08 04 1473.3000
2020 08 05 1479.0900
2020 08 06 1504.9500
2020 08 07 1498.3700
2020 08 10 1496.8200
2020 08 11 1480.5400
2020 08 12 1507.2400
2020 08 13 1516.6500
2020 08 14 1504.6300
2020 08 17 1516.2400
2020 08 18 1555.7800
2020 08 19 1544.6100
2020 08 20 1576.2500
2020 08 21 1575.5700
2020 08 24 1585.1500
2020 08 25 1605.8500
2020 08 26 1644.1300
2020 08 27 1628.5200
2020 08 28 1639.4300
2020 08 31 1629.5300
2020 09 01 1655.0800
2020 09 02 1717.3900
2020 09 03 1629.5100
2020 09 04 1581.2100
2020 09 08 1523.6000
2020 09 09 1547.2300
2020 09 10 1526.0500
2020 09 11 1515.7600
2020 09 14 1508.8300
2020 09 15 1535.1200
2020 09 16 1512.0900
2020 09 17 1487.0400
2020 09 18 1451.0900
2020 09 21 1430.1400
2020 09 22 1459.8200
2020 09 23 1409.3900
2020 09 24 1422.8600
2020 09 25 1439.0600
2020 09 28 1458.6600
2020 09 29 1466.0200
2020 09 30 1465.6000
2020 10 01 1487.9000
2020 10 02 1455.6000
2020 10 05 1482.8300
2020 10 06 1451.0200
2020 10 07 1459.1400
2020 10 08 1483.4300
2020 10 09 1510.4500
2020 10 12 1564.5900
2020 10 13 1567.0700
2020 10 14 1563.4400
2020 10 15 1555.4700
2020 10 16 1567.7000
2020 10 19 1529.9500
2020 10 20 1551.0800
2020 10 21 1585.9900
2020 10 22 1606.6600
2020 10 23 1632.9800
2020 10 26 1584.2900
2020 10 27 1598.8800
2020 10 28 1510.8000
2020 10 29 1556.8800
2020 10 30 1616.1100
2020 11 02 1624.3200
2020 11 03 1645.6600
2020 11 04 1745.8500
2020 11 05 1762.5000
2020 11 06 1759.7300
2020 11 09 1761.4200
2020 11 10 1737.7200
2020 11 11 1747.2300
2020 11 12 1742.8200
2020 11 13 1772.2600
2020 11 16 1774.0300
2020 11 17 1761.6600
2020 11 18 1740.6400
2020 11 19 1758.5700
2020 11 20 1736.3800
2020 11 23 1727.5600
2020 11 24 1763.9000
2020 11 25 1764.1300
2020 11 27 1787.0200
2020 11 30 1754.4000
2020 12 01 1795.3600
2020 12 02 1824.9700
2020 12 03 1821.8400
2020 12 04 1823.7600
2020 12 07 1817.0300
2020 12 08 1811.3300
2020 12 09 1777.8600
2020 12 10 1767.6500
2020 12 11 1774.8000
2020 12 14 1752.2600
2020 12 15 1761.0800
2020 12 16 1757.1900
2020 12 17 1740.5100
2020 12 18 1726.2200
2020 12 21 1734.5600
2020 12 22 1720.2200
2020 12 23 1728.2300
2020 12 24 1734.1600
2020 12 28 1773.9600
2020 12 29 1757.7600
2020 12 30 1736.2500
2020 12 31 1752.6400
2021 01 04 1726.1300
2021 01 05 1740.0500
2021 01 06 1722.8800
2021 01 07 1774.3400
2021 01 08 1797.8300
2021 01 11 1756.2900
2021 01 12 1737.4300
2021 01 13 1747.2500
2021 01 14 1730.9200
2021 01 15 1727.6200
2021 01 19 1784.4700
2021 01 20 1880.0700
2021 01 21 1884.1500
2021 01 22 1892.5600
2021 01 25 1894.2800
2021 01 26 1907.9500
2021 01 27 1818.9400
2021 01 28 1853.2000
2021 01 29 1827.3600
2021 02 01 1893.0700
2021 02 02 1919.1200
2021 02 03 2058.8800
2021 02 04 2053.6300
2021 02 05 2088.8300
2021 02 08 2084.5200
2021 02 09 2075.3900
2021 02 10 2086.4800
2021 02 11 2088.7500
2021 02 12 2095.0300
2021 02 16 2110.7000
2021 02 17 2118.6200
2021 02 18 2105.8100
2021 02 19 2088.8100
2021 02 22 2054.2600
2021 02 23 2060.1200
2021 02 24 2083.8100
2021 02 25 2015.9500
2021 02 26 2021.9100
2021 03 01 2069.6600
2021 03 02 2064.4800
2021 03 03 2011.4100
2021 03 04 2033.9300
2021 03 05 2097.0700
2021 03 08 2007.5000
2021 03 09 2040.3600
2021 03 10 2036.1900
2021 03 11 2100.5400
2021 03 12 2050.0000
2021 03 15 2054.4400
2021 03 16 2083.8900
2021 03 17 2082.2200
2021 03 18 2021.3400
2021 03 19 2026.9600
2021 03 22 2030.6900
2021 03 23 2041.3300
2021 03 24 2032.5300
